,5 Minutes,Lane 1 Flow (Veh/5 Minutes),Lane 1 Speed (mph),Lane 2 Flow (Veh/5 Minutes),Lane 2 Speed (mph),Lane 3 Flow (Veh/5 Minutes),Lane 3 Speed (mph),Flow (Veh/5 Minutes),Speed (mph),# Lane Points,% Observed
0,2019-05-03 00:00:00,18,68.4,30,64.5,30,60.4,78,63.8,3,0
1,2019-05-03 00:05:00,18,68.4,31,64.5,30,60.4,79,63.8,3,0
2,2019-05-03 00:10:00,16,68.3,28,64.4,28,60.3,72,63.7,3,0
3,2019-05-03 00:15:00,12,68.5,26,64.5,26,60.4,64,63.6,3,0
4,2019-05-03 00:20:00,14,68.7,27,64.8,27,60.7,68,64.0,3,0
5,2019-05-03 00:25:00,15,68.3,27,64.4,27,60.3,69,63.7,3,0
6,2019-05-03 00:30:00,10,68.5,24,64.5,24,60.4,58,63.5,3,0
7,2019-05-03 00:35:00,14,68.4,27,64.5,27,60.4,68,63.7,3,0
8,2019-05-03 00:40:00,10,68.5,23,64.5,24,60.4,57,63.5,3,0
9,2019-05-03 00:45:00,10,67.7,24,63.8,24,59.7,58,62.8,3,0
10,2019-05-03 00:50:00,9,68.0,22,64.1,23,60.0,54,63.0,3,0
11,2019-05-03 00:55:00,13,68.2,26,64.3,26,60.2,65,63.4,3,0
12,2019-05-03 01:00:00,12,67.8,25,63.9,25,59.8,62,63.0,3,0
13,2019-05-03 01:05:00,10,68.2,24,64.3,24,60.2,58,63.3,3,0
14,2019-05-03 01:10:00,9,68.1,22,64.2,23,60.1,54,63.1,3,0
15,2019-05-03 01:15:00,9,68.3,23,64.4,23,60.3,55,63.3,3,0
16,2019-05-03 01:20:00,11,68.3,24,64.4,25,60.3,60,63.4,3,0
17,2019-05-03 01:25:00,9,68.0,23,64.0,23,60.0,55,63.0,3,0
18,2019-05-03 01:30:00,10,68.1,24,64.2,24,60.1,58,63.2,3,0
19,2019-05-03 01:35:00,10,67.8,24,63.9,24,59.8,58,62.9,3,0
20,2019-05-03 01:40:00,9,68.2,23,64.2,23,60.2,55,63.2,3,0
21,2019-05-03 01:45:00,13,68.3,26,64.4,26,60.3,65,63.5,3,0
22,2019-05-03 01:50:00,12,68.6,26,64.7,26,60.6,64,63.7,3,0
23,2019-05-03 01:55:00,13,67.7,26,63.8,26,59.8,65,63.0,3,0
24,2019-05-03 02:00:00,10,68.2,23,64.3,24,60.2,57,63.3,3,0
25,2019-05-03 02:05:00,9,68.0,22,64.0,23,60.0,54,63.0,3,0
26,2019-05-03 02:10:00,11,68.3,24,64.4,25,60.3,60,63.4,3,0
27,2019-05-03 02:15:00,10,68.3,23,64.4,24,60.3,57,63.3,3,0
28,2019-05-03 02:20:00,11,68.2,25,64.3,25,60.2,61,63.3,3,0
29,2019-05-03 02:25:00,9,68.5,23,64.6,24,60.5,56,63.5,3,0
30,2019-05-03 02:30:00,8,68.3,22,64.4,23,60.3,53,63.2,3,0
31,2019-05-03 02:35:00,11,68.3,24,64.4,25,60.3,60,63.4,3,0
32,2019-05-03 02:40:00,8,68.2,21,64.3,22,60.2,51,63.1,3,0
33,2019-05-03 02:45:00,10,68.5,23,64.6,24,60.5,57,63.5,3,0
34,2019-05-03 02:50:00,9,68.6,23,64.7,23,60.6,55,63.6,3,0
35,2019-05-03 02:55:00,11,68.6,24,64.7,25,60.6,60,63.7,3,0
36,2019-05-03 03:00:00,9,68.5,23,64.6,23,60.5,55,63.5,3,0
37,2019-05-03 03:05:00,9,68.6,22,64.6,23,60.5,54,63.5,3,0
38,2019-05-03 03:10:00,9,68.3,23,64.4,23,60.3,55,63.3,3,0
39,2019-05-03 03:15:00,11,67.9,25,64.0,25,59.9,61,63.1,3,0
40,2019-05-03 03:20:00,11,67.9,24,64.0,25,59.9,60,63.0,3,0
41,2019-05-03 03:25:00,9,67.8,23,63.9,23,59.8,55,62.8,3,0
42,2019-05-03 03:30:00,9,68.0,23,64.0,23,60.0,55,63.0,3,0
43,2019-05-03 03:35:00,13,67.2,26,63.3,26,59.3,65,62.5,3,0
44,2019-05-03 03:40:00,11,67.6,25,63.7,25,59.7,61,62.8,3,0
45,2019-05-03 03:45:00,11,68.0,24,64.1,25,60.0,60,63.1,3,0
46,2019-05-03 03:50:00,12,68.2,26,64.3,26,60.2,64,63.4,3,0
47,2019-05-03 03:55:00,11,67.8,24,63.9,25,59.8,60,62.9,3,0
48,2019-05-03 04:00:00,14,67.5,27,63.6,27,59.6,68,62.8,3,0
49,2019-05-03 04:05:00,11,67.9,24,64.0,25,60.0,60,63.0,3,0
50,2019-05-03 04:10:00,11,66.8,24,62.9,25,58.9,60,62.0,3,0
51,2019-05-03 04:15:00,13,67.4,26,63.5,26,59.5,65,62.7,3,0
52,2019-05-03 04:20:00,16,66.9,29,63.0,29,59.0,74,62.3,3,0
53,2019-05-03 04:25:00,11,67.9,25,64.0,25,59.9,61,63.0,3,0
54,2019-05-03 04:30:00,14,67.7,27,63.8,27,59.8,68,63.0,3,0
55,2019-05-03 04:35:00,16,68.0,29,64.1,28,60.1,73,63.4,3,0
56,2019-05-03 04:40:00,18,67.5,31,63.6,30,59.6,79,63.0,3,0
57,2019-05-03 04:45:00,16,67.9,29,64.0,28,60.0,73,63.3,3,0
58,2019-05-03 04:50:00,20,66.3,32,62.5,31,58.5,83,61.9,3,0
59,2019-05-03 04:55:00,16,66.6,29,62.7,28,58.7,73,62.0,3,0
60,2019-05-03 05:00:00,16,67.5,29,63.6,29,59.5,74,62.8,3,0
61,2019-05-03 05:05:00,19,67.7,32,63.8,31,59.8,82,63.2,3,0
62,2019-05-03 05:10:00,18,68.1,31,64.2,30,60.1,79,63.5,3,0
63,2019-05-03 05:15:00,22,67.6,34,63.6,33,59.6,89,63.1,3,0
64,2019-05-03 05:20:00,20,66.6,32,62.7,31,58.7,83,62.1,3,0
65,2019-05-03 05:25:00,25,67.6,37,63.7,35,59.6,97,63.2,3,0
66,2019-05-03 05:30:00,24,66.2,37,62.4,35,58.4,96,61.9,3,0
67,2019-05-03 05:35:00,22,67.5,35,63.6,33,59.5,90,63.0,3,0
68,2019-05-03 05:40:00,23,65.2,35,61.4,33,57.5,91,60.9,3,0
69,2019-05-03 05:45:00,24,67.8,36,64.0,34,59.9,94,63.5,3,0
70,2019-05-03 05:50:00,30,67.4,42,63.5,39,59.5,111,63.1,3,0
71,2019-05-03 05:55:00,27,67.6,38,63.7,36,59.6,101,63.3,3,0
72,2019-05-03 06:00:00,27,67.2,39,63.3,37,59.2,103,62.8,3,0
73,2019-05-03 06:05:00,24,66.9,37,63.0,35,59.0,96,62.5,3,0
74,2019-05-03 06:10:00,28,66.0,39,62.1,37,58.1,104,61.7,3,0
75,2019-05-03 06:15:00,33,67.0,45,63.1,42,59.1,120,62.8,3,0
76,2019-05-03 06:20:00,33,66.2,45,62.4,41,58.5,119,62.1,3,0
77,2019-05-03 06:25:00,30,66.4,42,62.5,39,58.6,111,62.2,3,0
78,2019-05-03 06:30:00,37,67.2,48,63.3,44,59.3,129,63.1,3,0
79,2019-05-03 06:35:00,38,68.4,49,64.5,45,60.4,132,64.2,3,0
80,2019-05-03 06:40:00,35,68.2,46,64.3,42,60.2,123,64.0,3,0
81,2019-05-03 06:45:00,46,67.4,57,63.5,51,59.5,154,63.4,3,0
82,2019-05-03 06:50:00,47,69.1,57,65.2,52,61.0,156,65.0,3,0
83,2019-05-03 06:55:00,40,68.0,50,64.0,46,59.9,136,63.8,3,0
84,2019-05-03 07:00:00,37,64.5,49,60.6,45,56.8,131,60.4,3,0
85,2019-05-03 07:05:00,42,64.8,52,60.9,48,57.1,142,60.8,3,0
86,2019-05-03 07:10:00,39,66.9,50,63.0,46,59.0,135,62.8,3,0
87,2019-05-03 07:15:00,51,65.3,61,61.3,55,57.4,167,61.3,3,0
88,2019-05-03 07:20:00,44,64.8,54,60.9,49,57.1,147,60.8,3,0
89,2019-05-03 07:25:00,57,64.1,67,60.3,60,56.5,184,60.2,3,0
90,2019-05-03 07:30:00,57,64.5,66,60.7,59,56.9,182,60.7,3,0
91,2019-05-03 07:35:00,53,64.4,64,60.6,57,56.8,174,60.5,3,0
92,2019-05-03 07:40:00,51,65.2,61,61.3,55,57.5,167,61.2,3,0
93,2019-05-03 07:45:00,53,64.8,63,61.0,57,57.2,173,60.9,3,0
94,2019-05-03 07:50:00,50,64.0,60,60.2,54,56.4,164,60.1,3,0
95,2019-05-03 07:55:00,46,64.5,57,60.7,51,56.9,154,60.5,3,0
96,2019-05-03 08:00:00,51,64.7,60,60.9,54,57.1,165,60.8,3,0
97,2019-05-03 08:05:00,52,65.0,62,61.2,56,57.3,170,61.1,3,0
98,2019-05-03 08:10:00,59,66.3,68,62.4,60,58.4,187,62.3,3,0
99,2019-05-03 08:15:00,50,66.1,60,62.3,54,58.3,164,62.1,3,0
100,2019-05-03 08:20:00,53,65.6,63,61.8,57,57.9,173,61.7,3,0
101,2019-05-03 08:25:00,55,66.4,64,62.5,57,58.6,176,62.5,3,0
102,2019-05-03 08:30:00,44,66.6,54,62.8,49,58.8,147,62.6,3,0
103,2019-05-03 08:35:00,51,66.4,61,62.6,55,58.6,167,62.4,3,0
104,2019-05-03 08:40:00,49,65.9,59,62.0,53,58.1,161,61.9,3,0
105,2019-05-03 08:45:00,52,65.2,62,61.3,55,57.4,169,61.2,3,0
106,2019-05-03 08:50:00,46,65.9,56,62.0,51,58.1,153,61.9,3,0
107,2019-05-03 08:55:00,49,63.7,59,59.9,53,56.1,161,59.8,3,0
108,2019-05-03 09:00:00,49,63.7,59,59.8,53,56.1,161,59.8,3,0
109,2019-05-03 09:05:00,53,63.1,63,59.3,57,55.5,173,59.2,3,0
110,2019-05-03 09:10:00,44,63.9,55,60.1,50,56.3,149,60.0,3,0
111,2019-05-03 09:15:00,49,64.1,59,60.3,53,56.6,161,60.2,3,0
112,2019-05-03 09:20:00,47,65.2,58,61.4,52,57.5,157,61.2,3,0
113,2019-05-03 09:25:00,45,65.0,56,61.1,50,57.3,151,61.0,3,0
114,2019-05-03 09:30:00,50,63.8,60,60.0,54,56.2,164,59.9,3,0
115,2019-05-03 09:35:00,47,64.5,58,60.7,52,56.9,157,60.6,3,0
116,2019-05-03 09:40:00,55,64.8,65,61.0,58,57.2,178,61.0,3,0
117,2019-05-03 09:45:00,45,65.9,56,62.1,50,58.2,151,62.0,3,0
118,2019-05-03 09:50:00,49,64.2,60,60.3,54,56.5,163,60.2,3,0
119,2019-05-03 09:55:00,48,62.9,58,59.0,53,55.3,159,58.9,3,0
120,2019-05-03 10:00:00,46,62.6,57,58.8,51,55.1,154,58.7,3,0
121,2019-05-03 10:05:00,50,62.7,60,58.9,54,55.2,164,58.9,3,0
122,2019-05-03 10:10:00,46,64.6,56,60.7,51,56.9,153,60.6,3,0
123,2019-05-03 10:15:00,59,64.6,68,60.7,61,56.9,188,60.7,3,0
124,2019-05-03 10:20:00,61,63.3,70,59.4,63,55.6,194,59.4,3,0
125,2019-05-03 10:25:00,49,63.8,60,60.1,54,56.3,163,60.0,3,0
126,2019-05-03 10:30:00,51,62.4,61,58.5,55,54.9,167,58.5,3,0
127,2019-05-03 10:35:00,55,62.5,64,58.7,58,55.0,177,58.6,3,0
128,2019-05-03 10:40:00,50,63.4,60,59.6,54,55.8,164,59.5,3,0
129,2019-05-03 10:45:00,53,64.4,63,60.6,57,56.7,173,60.5,3,0
130,2019-05-03 10:50:00,50,65.2,60,61.3,54,57.5,164,61.2,3,0
131,2019-05-03 10:55:00,50,62.6,61,58.8,55,55.1,166,58.7,3,0
132,2019-05-03 11:00:00,46,64.2,58,60.3,52,56.5,156,60.2,3,0
133,2019-05-03 11:05:00,51,65.1,62,61.3,55,57.4,168,61.2,3,0
134,2019-05-03 11:10:00,51,62.9,62,59.1,56,55.4,169,59.0,3,0
135,2019-05-03 11:15:00,47,63.7,57,59.9,52,56.1,156,59.8,3,0
136,2019-05-03 11:20:00,56,65.4,66,61.6,59,57.7,181,61.5,3,0
137,2019-05-03 11:25:00,50,65.9,59,62.1,53,58.2,162,62.0,3,0
138,2019-05-03 11:30:00,57,63.6,67,59.8,60,56.0,184,59.7,3,0
139,2019-05-03 11:35:00,53,65.1,64,61.2,57,57.4,174,61.1,3,0
140,2019-05-03 11:40:00,57,64.9,67,61.0,59,57.2,183,61.0,3,0
141,2019-05-03 11:45:00,50,62.2,60,58.3,54,54.7,164,58.3,3,0
142,2019-05-03 11:50:00,53,63.3,63,59.5,56,55.7,172,59.4,3,0
143,2019-05-03 11:55:00,54,65.0,64,61.2,57,57.3,175,61.1,3,0
144,2019-05-03 12:00:00,52,64.9,62,61.0,56,57.1,170,60.9,3,0
145,2019-05-03 12:05:00,49,65.2,59,61.3,53,57.5,161,61.2,3,0
146,2019-05-03 12:10:00,54,65.3,64,61.4,57,57.6,175,61.3,3,0
147,2019-05-03 12:15:00,50,65.1,60,61.2,54,57.3,164,61.1,3,0
148,2019-05-03 12:20:00,51,65.0,61,61.1,55,57.2,167,61.0,3,0
149,2019-05-03 12:25:00,52,65.1,62,61.3,55,57.4,169,61.2,3,0
150,2019-05-03 12:30:00,50,64.5,60,60.7,54,56.9,164,60.6,3,0
151,2019-05-03 12:35:00,60,62.9,68,58.9,61,55.2,189,59.0,3,0
152,2019-05-03 12:40:00,55,64.7,65,60.8,58,56.9,178,60.7,3,0
153,2019-05-03 12:45:00,47,65.8,58,61.9,52,58.0,157,61.8,3,0
154,2019-05-03 12:50:00,51,64.7,61,60.8,55,57.0,167,60.7,3,0
155,2019-05-03 12:55:00,56,65.6,65,61.7,58,57.9,179,61.7,3,0
156,2019-05-03 13:00:00,50,65.0,60,61.1,54,57.2,164,61.0,3,0
157,2019-05-03 13:05:00,56,65.9,65,62.0,58,58.1,179,61.9,3,0
158,2019-05-03 13:10:00,48,64.2,58,60.4,52,56.6,158,60.3,3,0
159,2019-05-03 13:15:00,52,63.4,62,59.7,55,55.9,169,59.6,3,0
160,2019-05-03 13:20:00,50,64.5,60,60.7,54,56.9,164,60.6,3,0
161,2019-05-03 13:25:00,52,63.6,62,59.7,55,56.0,169,59.7,3,0
162,2019-05-03 13:30:00,52,62.7,61,58.9,55,55.2,168,58.9,3,0
163,2019-05-03 13:35:00,60,63.0,69,59.2,62,55.5,191,59.2,3,0
164,2019-05-03 13:40:00,61,64.5,71,60.7,63,56.9,195,60.6,3,0
165,2019-05-03 13:45:00,53,63.9,63,60.0,56,56.3,172,60.0,3,0
166,2019-05-03 13:50:00,54,64.6,64,60.7,57,56.9,175,60.7,3,0
167,2019-05-03 13:55:00,58,65.9,67,62.0,60,58.1,185,61.9,3,0
168,2019-05-03 14:00:00,59,66.5,69,62.6,61,58.6,189,62.5,3,0
169,2019-05-03 14:05:00,52,65.5,62,61.7,56,57.8,170,61.6,3,0
170,2019-05-03 14:10:00,60,64.7,69,60.9,61,57.1,190,60.9,3,0
171,2019-05-03 14:15:00,54,64.1,64,60.3,57,56.5,175,60.2,3,0
172,2019-05-03 14:20:00,67,65.1,76,61.3,67,57.4,210,61.3,3,0
173,2019-05-03 14:25:00,57,64.2,68,60.4,60,56.6,185,60.3,3,0
174,2019-05-03 14:30:00,58,63.8,67,60.0,60,56.2,185,60.0,3,0
175,2019-05-03 14:35:00,60,63.7,70,59.9,62,56.2,192,59.9,3,0
176,2019-05-03 14:40:00,52,63.7,62,59.9,55,56.1,169,59.8,3,0
177,2019-05-03 14:45:00,57,65.0,67,61.2,60,57.4,184,61.1,3,0
178,2019-05-03 14:50:00,49,61.5,59,57.6,53,54.0,161,57.6,3,0
179,2019-05-03 14:55:00,51,58.9,62,55.1,56,51.7,169,55.1,3,0
180,2019-05-03 15:00:00,61,49.0,71,45.1,63,42.4,195,45.4,3,0
181,2019-05-03 15:05:00,50,55.0,61,51.2,55,48.0,166,51.3,3,0
182,2019-05-03 15:10:00,57,59.4,67,55.6,60,52.1,184,55.6,3,0
183,2019-05-03 15:15:00,55,61.9,65,58.1,58,54.5,178,58.1,3,0
184,2019-05-03 15:20:00,52,63.5,61,59.6,55,55.9,168,59.6,3,0
185,2019-05-03 15:25:00,55,64.8,65,60.9,58,57.1,178,60.9,3,0
186,2019-05-03 15:30:00,53,66.5,63,62.6,57,58.6,173,62.5,3,0
187,2019-05-03 15:35:00,58,66.7,68,62.9,61,58.9,187,62.8,3,0
188,2019-05-03 15:40:00,58,66.9,68,63.1,60,59.1,186,63.0,3,0
189,2019-05-03 15:45:00,54,67.5,64,63.6,57,59.6,175,63.5,3,0
190,2019-05-03 15:50:00,50,66.3,61,62.4,54,58.5,165,62.3,3,0
191,2019-05-03 15:55:00,48,66.1,59,62.3,53,58.3,160,62.1,3,0
192,2019-05-03 16:00:00,45,66.9,56,63.1,51,59.1,152,62.9,3,0
193,2019-05-03 16:05:00,45,64.4,56,60.6,51,56.7,152,60.4,3,0
194,2019-05-03 16:10:00,53,66.1,63,62.2,56,58.3,172,62.1,3,0
195,2019-05-03 16:15:00,50,67.2,60,63.4,54,59.3,164,63.2,3,0
196,2019-05-03 16:20:00,46,67.1,56,63.2,51,59.2,153,63.0,3,0
197,2019-05-03 16:25:00,47,68.0,57,64.1,52,60.1,156,63.9,3,0
198,2019-05-03 16:30:00,54,68.4,64,64.5,57,60.4,175,64.4,3,0
199,2019-05-03 16:35:00,51,67.2,61,63.4,55,59.4,167,63.2,3,0
200,2019-05-03 16:40:00,53,68.2,62,64.3,56,60.2,171,64.2,3,0
201,2019-05-03 16:45:00,58,69.0,68,65.1,60,61.0,186,65.0,3,0
202,2019-05-03 16:50:00,52,67.9,62,64.0,55,60.0,169,63.9,3,0
203,2019-05-03 16:55:00,48,66.6,58,62.8,52,58.8,158,62.6,3,0
204,2019-05-03 17:00:00,50,68.3,61,64.4,55,60.3,166,64.2,3,0
205,2019-05-03 17:05:00,54,68.0,64,64.0,58,60.0,176,63.9,3,0
206,2019-05-03 17:10:00,58,68.0,68,64.0,61,59.9,187,63.9,3,0
207,2019-05-03 17:15:00,49,69.2,59,65.2,53,61.1,161,65.1,3,0
208,2019-05-03 17:20:00,58,68.9,67,65.0,60,60.8,185,64.8,3,0
209,2019-05-03 17:25:00,48,67.2,58,63.3,53,59.3,159,63.1,3,0
210,2019-05-03 17:30:00,56,67.9,67,64.0,59,60.0,182,63.9,3,0
211,2019-05-03 17:35:00,50,69.0,60,65.1,54,61.0,164,64.9,3,0
212,2019-05-03 17:40:00,46,68.0,56,64.0,51,60.0,153,63.9,3,0
213,2019-05-03 17:45:00,54,68.2,64,64.3,57,60.2,175,64.1,3,0
214,2019-05-03 17:50:00,47,69.2,57,65.3,52,61.1,156,65.1,3,0
215,2019-05-03 17:55:00,44,69.1,54,65.2,49,61.1,147,65.0,3,0
216,2019-05-03 18:00:00,48,67.9,58,64.0,52,59.9,158,63.9,3,0
217,2019-05-03 18:05:00,54,68.9,65,65.0,58,60.9,177,64.8,3,0
218,2019-05-03 18:10:00,36,68.6,47,64.7,43,60.6,126,64.4,3,0
219,2019-05-03 18:15:00,55,67.9,65,64.0,58,59.9,178,63.9,3,0
220,2019-05-03 18:20:00,49,68.4,59,64.5,53,60.4,161,64.3,3,0
221,2019-05-03 18:25:00,46,67.5,56,63.6,51,59.6,153,63.4,3,0
222,2019-05-03 18:30:00,49,68.6,59,64.6,53,60.5,161,64.5,3,0
223,2019-05-03 18:35:00,51,69.2,60,65.3,54,61.1,165,65.1,3,0
224,2019-05-03 18:40:00,52,69.5,61,65.6,55,61.4,168,65.4,3,0
225,2019-05-03 18:45:00,45,69.7,55,65.7,50,61.5,150,65.5,3,0
226,2019-05-03 18:50:00,42,68.6,53,64.7,48,60.6,143,64.5,3,0
227,2019-05-03 18:55:00,42,69.1,52,65.1,48,61.0,142,64.9,3,0
228,2019-05-03 19:00:00,43,68.4,53,64.5,49,60.4,145,64.3,3,0
229,2019-05-03 19:05:00,51,69.4,61,65.5,55,61.3,167,65.3,3,0
230,2019-05-03 19:10:00,45,68.6,55,64.7,50,60.6,150,64.5,3,0
231,2019-05-03 19:15:00,48,69.1,59,65.2,53,61.1,160,65.0,3,0
232,2019-05-03 19:20:00,42,68.3,53,64.4,48,60.3,143,64.1,3,0
233,2019-05-03 19:25:00,40,68.9,52,65.0,47,60.8,139,64.7,3,0
234,2019-05-03 19:30:00,45,67.1,55,63.2,50,59.2,150,63.1,3,0
235,2019-05-03 19:35:00,43,67.8,54,63.9,49,59.8,146,63.7,3,0
236,2019-05-03 19:40:00,41,69.0,51,65.1,47,60.9,139,64.8,3,0
237,2019-05-03 19:45:00,39,69.2,50,65.3,46,61.1,135,65.0,3,0
238,2019-05-03 19:50:00,37,69.6,49,65.7,45,61.5,131,65.3,3,0
239,2019-05-03 19:55:00,38,69.4,49,65.4,45,61.3,132,65.1,3,0
240,2019-05-03 20:00:00,38,69.2,49,65.3,45,61.1,132,65.0,3,0
241,2019-05-03 20:05:00,41,69.2,52,65.3,47,61.1,140,65.0,3,0
242,2019-05-03 20:10:00,44,69.6,54,65.6,49,61.5,147,65.4,3,0
243,2019-05-03 20:15:00,38,68.2,49,64.3,45,60.2,132,64.0,3,0
244,2019-05-03 20:20:00,38,69.0,49,65.1,45,60.9,132,64.8,3,0
245,2019-05-03 20:25:00,37,68.6,48,64.7,44,60.6,129,64.4,3,0
246,2019-05-03 20:30:00,32,68.7,44,64.7,41,60.6,117,64.4,3,0
247,2019-05-03 20:35:00,33,68.4,44,64.5,41,60.4,118,64.2,3,0
248,2019-05-03 20:40:00,36,66.6,47,62.7,44,58.8,127,62.5,3,0
249,2019-05-03 20:45:00,37,67.7,48,63.8,44,59.8,129,63.6,3,0
250,2019-05-03 20:50:00,39,67.0,50,63.1,46,59.1,135,62.9,3,0
251,2019-05-03 20:55:00,34,67.3,44,63.4,41,59.4,119,63.1,3,0
252,2019-05-03 21:00:00,35,66.6,47,62.7,43,58.7,125,62.4,3,0
253,2019-05-03 21:05:00,35,67.2,46,63.3,43,59.3,124,63.0,3,0
254,2019-05-03 21:10:00,28,68.2,40,64.3,38,60.2,106,63.8,3,0
255,2019-05-03 21:15:00,34,68.0,46,64.1,42,60.0,122,63.8,3,0
256,2019-05-03 21:20:00,27,67.5,39,63.6,37,59.6,103,63.2,3,0
257,2019-05-03 21:25:00,30,68.3,42,64.4,39,60.3,111,64.0,3,0
258,2019-05-03 21:30:00,36,68.4,47,64.5,43,60.4,126,64.2,3,0
259,2019-05-03 21:35:00,35,68.5,46,64.6,42,60.5,123,64.3,3,0
260,2019-05-03 21:40:00,32,68.8,43,64.9,40,60.8,115,64.5,3,0
261,2019-05-03 21:45:00,23,68.8,35,64.9,34,60.8,92,64.3,3,0
262,2019-05-03 21:50:00,26,68.4,38,64.5,36,60.4,100,64.0,3,0
263,2019-05-03 21:55:00,28,67.6,40,63.7,38,59.6,106,63.2,3,0
264,2019-05-03 22:00:00,31,68.3,42,64.4,40,60.3,113,64.1,3,0
265,2019-05-03 22:05:00,26,67.6,38,63.7,36,59.7,100,63.3,3,0
266,2019-05-03 22:10:00,24,67.6,36,63.7,34,59.6,94,63.2,3,0
267,2019-05-03 22:15:00,22,68.2,34,64.3,32,60.2,88,63.8,3,0
268,2019-05-03 22:20:00,22,68.4,35,64.5,33,60.4,90,63.9,3,0
269,2019-05-03 22:25:00,28,68.6,40,64.7,38,60.6,106,64.2,3,0
270,2019-05-03 22:30:00,24,68.1,37,64.2,35,60.1,96,63.7,3,0
271,2019-05-03 22:35:00,23,68.5,36,64.6,34,60.5,93,64.0,3,0
272,2019-05-03 22:40:00,30,69.1,41,65.1,39,61.0,110,64.7,3,0
273,2019-05-03 22:45:00,20,69.0,32,65.1,31,60.9,83,64.5,3,0
274,2019-05-03 22:50:00,23,68.9,35,65.0,34,60.9,92,64.4,3,0
275,2019-05-03 22:55:00,21,68.3,34,64.4,33,60.3,88,63.8,3,0
276,2019-05-03 23:00:00,21,67.6,33,63.7,32,59.6,86,63.1,3,0
277,2019-05-03 23:05:00,20,68.0,33,64.1,32,60.1,85,63.5,3,0
278,2019-05-03 23:10:00,21,68.0,33,64.1,32,60.0,86,63.6,3,0
279,2019-05-03 23:15:00,20,67.9,33,63.9,32,59.9,85,63.3,3,0
280,2019-05-03 23:20:00,21,68.3,34,64.4,33,60.3,88,63.8,3,0
281,2019-05-03 23:25:00,26,66.8,38,62.9,36,58.9,100,62.5,3,0
282,2019-05-03 23:30:00,32,66.0,44,62.2,41,58.2,117,61.9,3,0
283,2019-05-03 23:35:00,22,66.5,34,62.6,33,58.7,89,62.1,3,0
284,2019-05-03 23:40:00,27,67.5,40,63.6,37,59.5,104,63.1,3,0
285,2019-05-03 23:45:00,22,67.6,34,63.7,33,59.7,89,63.2,3,0
286,2019-05-03 23:50:00,16,68.1,29,64.2,29,60.1,74,63.4,3,0
287,2019-05-03 23:55:00,19,67.8,32,63.9,31,59.8,82,63.3,3,0
288,2019-05-04 00:00:00,17,68.4,30,64.5,29,60.4,76,63.8,3,0
289,2019-05-04 00:05:00,15,68.4,28,64.5,27,60.4,70,63.8,3,0
290,2019-05-04 00:10:00,20,68.0,32,64.1,31,60.0,83,63.5,3,0
291,2019-05-04 00:15:00,16,68.2,29,64.3,28,60.2,73,63.6,3,0
292,2019-05-04 00:20:00,13,68.3,26,64.4,26,60.3,65,63.5,3,0
293,2019-05-04 00:25:00,16,68.3,29,64.4,29,60.3,74,63.7,3,0
294,2019-05-04 00:30:00,14,68.3,27,64.4,27,60.3,68,63.6,3,0
295,2019-05-04 00:35:00,16,68.0,28,64.1,28,60.0,72,63.4,3,0
296,2019-05-04 00:40:00,12,67.6,25,63.7,26,59.7,63,62.8,3,0
297,2019-05-04 00:45:00,11,68.0,24,64.0,25,60.0,60,63.1,3,0
298,2019-05-04 00:50:00,14,68.1,27,64.2,27,60.1,68,63.4,3,0
299,2019-05-04 00:55:00,11,68.0,24,64.1,25,60.0,60,63.1,3,0
300,2019-05-04 01:00:00,13,68.2,26,64.3,26,60.2,65,63.5,3,0
301,2019-05-04 01:05:00,12,68.0,26,64.1,26,60.1,64,63.2,3,0
302,2019-05-04 01:10:00,12,68.0,25,64.1,25,60.1,62,63.2,3,0
303,2019-05-04 01:15:00,13,67.9,26,64.0,26,60.0,65,63.2,3,0
304,2019-05-04 01:20:00,11,67.2,24,63.3,25,59.3,60,62.4,3,0
305,2019-05-04 01:25:00,11,67.9,24,64.0,25,59.9,60,63.0,3,0
306,2019-05-04 01:30:00,15,67.5,28,63.6,28,59.6,71,62.8,3,0
307,2019-05-04 01:35:00,10,67.8,23,63.9,24,59.8,57,62.9,3,0
308,2019-05-04 01:40:00,14,68.1,27,64.2,27,60.1,68,63.4,3,0
309,2019-05-04 01:45:00,13,68.2,26,64.3,26,60.2,65,63.5,3,0
310,2019-05-04 01:50:00,13,68.2,26,64.3,26,60.2,65,63.5,3,0
311,2019-05-04 01:55:00,8,68.3,22,64.4,23,60.3,53,63.2,3,0
312,2019-05-04 02:00:00,10,67.5,23,63.6,24,59.5,57,62.6,3,0
313,2019-05-04 02:05:00,13,67.8,26,63.9,26,59.8,65,63.1,3,0
314,2019-05-04 02:10:00,12,68.2,25,64.3,25,60.2,62,63.4,3,0
315,2019-05-04 02:15:00,12,68.4,25,64.5,25,60.4,62,63.6,3,0
316,2019-05-04 02:20:00,8,68.5,22,64.5,23,60.4,53,63.3,3,0
317,2019-05-04 02:25:00,10,68.3,23,64.4,24,60.3,57,63.4,3,0
318,2019-05-04 02:30:00,8,68.2,22,64.3,23,60.2,53,63.1,3,0
319,2019-05-04 02:35:00,10,68.3,23,64.4,24,60.3,57,63.3,3,0
320,2019-05-04 02:40:00,8,68.5,22,64.5,23,60.4,53,63.4,3,0
321,2019-05-04 02:45:00,8,68.5,21,64.5,22,60.4,51,63.4,3,0
322,2019-05-04 02:50:00,11,68.5,24,64.6,25,60.5,60,63.6,3,0
323,2019-05-04 02:55:00,8,68.6,22,64.6,23,60.5,53,63.5,3,0
324,2019-05-04 03:00:00,8,68.3,22,64.4,23,60.3,53,63.2,3,0
325,2019-05-04 03:05:00,12,67.4,25,63.5,25,59.4,62,62.6,3,0
326,2019-05-04 03:10:00,9,67.5,23,63.6,23,59.6,55,62.5,3,0
327,2019-05-04 03:15:00,12,68.2,25,64.3,25,60.2,62,63.4,3,0
328,2019-05-04 03:20:00,8,68.3,22,64.4,23,60.3,53,63.2,3,0
329,2019-05-04 03:25:00,9,68.2,23,64.3,23,60.2,55,63.3,3,0
330,2019-05-04 03:30:00,8,68.3,22,64.4,23,60.3,53,63.2,3,0
331,2019-05-04 03:35:00,10,68.1,24,64.2,24,60.1,58,63.2,3,0
332,2019-05-04 03:40:00,11,68.5,25,64.5,25,60.4,61,63.6,3,0
333,2019-05-04 03:45:00,10,68.2,23,64.3,24,60.2,57,63.3,3,0
334,2019-05-04 03:50:00,10,68.8,24,64.9,24,60.8,58,63.9,3,0
335,2019-05-04 03:55:00,11,68.5,24,64.6,25,60.5,60,63.6,3,0
336,2019-05-04 04:00:00,8,68.4,22,64.5,23,60.4,53,63.3,3,0
337,2019-05-04 04:05:00,10,68.6,23,64.7,24,60.5,57,63.6,3,0
338,2019-05-04 04:10:00,9,68.3,23,64.4,23,60.3,55,63.3,3,0
339,2019-05-04 04:15:00,11,68.5,24,64.6,25,60.5,60,63.6,3,0
340,2019-05-04 04:20:00,9,68.7,22,64.8,23,60.6,54,63.7,3,0
341,2019-05-04 04:25:00,10,68.5,23,64.5,24,60.4,57,63.5,3,0
342,2019-05-04 04:30:00,11,68.4,25,64.5,25,60.4,61,63.5,3,0
343,2019-05-04 04:35:00,13,68.6,26,64.7,26,60.6,65,63.8,3,0
344,2019-05-04 04:40:00,12,68.1,25,64.2,25,60.1,62,63.3,3,0
345,2019-05-04 04:45:00,10,68.2,23,64.3,24,60.2,57,63.2,3,0
346,2019-05-04 04:50:00,12,67.7,26,63.8,26,59.8,64,62.9,3,0
347,2019-05-04 04:55:00,9,68.2,23,64.3,24,60.2,56,63.1,3,0
348,2019-05-04 05:00:00,13,67.8,26,63.9,26,59.8,65,63.1,3,0
349,2019-05-04 05:05:00,9,68.0,23,64.1,23,60.0,55,63.0,3,0
350,2019-05-04 05:10:00,12,67.4,26,63.5,26,59.5,64,62.6,3,0
351,2019-05-04 05:15:00,13,68.1,26,64.2,26,60.1,65,63.3,3,0
352,2019-05-04 05:20:00,12,68.1,25,64.2,25,60.1,62,63.3,3,0
353,2019-05-04 05:25:00,13,68.2,26,64.3,26,60.2,65,63.4,3,0
354,2019-05-04 05:30:00,15,68.1,27,64.2,27,60.1,69,63.4,3,0
355,2019-05-04 05:35:00,14,68.4,27,64.5,27,60.4,68,63.7,3,0
356,2019-05-04 05:40:00,18,68.2,30,64.2,30,60.2,78,63.6,3,0
357,2019-05-04 05:45:00,18,68.8,30,64.9,30,60.8,78,64.2,3,0
358,2019-05-04 05:50:00,16,67.9,29,64.0,29,59.9,74,63.2,3,0
359,2019-05-04 05:55:00,12,68.1,25,64.2,25,60.1,62,63.3,3,0
360,2019-05-04 06:00:00,16,68.1,29,64.2,29,60.1,74,63.4,3,0
361,2019-05-04 06:05:00,13,68.1,27,64.2,27,60.1,67,63.3,3,0
362,2019-05-04 06:10:00,13,68.3,27,64.4,27,60.3,67,63.5,3,0
363,2019-05-04 06:15:00,18,68.4,31,64.5,30,60.4,79,63.8,3,0
364,2019-05-04 06:20:00,21,67.0,34,63.1,32,59.1,87,62.6,3,0
365,2019-05-04 06:25:00,19,67.7,32,63.8,31,59.8,82,63.2,3,0
366,2019-05-04 06:30:00,26,68.5,38,64.5,36,60.4,100,64.1,3,0
367,2019-05-04 06:35:00,30,68.8,42,64.9,39,60.7,111,64.5,3,0
368,2019-05-04 06:40:00,23,69.0,36,65.1,34,60.9,93,64.5,3,0
369,2019-05-04 06:45:00,26,69.3,38,65.3,36,61.2,100,64.9,3,0
370,2019-05-04 06:50:00,27,67.5,39,63.6,37,59.5,103,63.1,3,0
371,2019-05-04 06:55:00,26,67.1,38,63.2,36,59.2,100,62.8,3,0
372,2019-05-04 07:00:00,28,67.0,40,63.0,38,59.0,106,62.6,3,0
373,2019-05-04 07:05:00,22,66.9,34,63.0,33,59.0,89,62.5,3,0
374,2019-05-04 07:10:00,24,66.9,36,63.0,34,59.0,94,62.5,3,0
375,2019-05-04 07:15:00,33,68.8,44,64.9,41,60.8,118,64.6,3,0
376,2019-05-04 07:20:00,27,68.7,39,64.8,37,60.6,103,64.3,3,0
377,2019-05-04 07:25:00,30,69.1,42,65.1,40,61.0,112,64.7,3,0
378,2019-05-04 07:30:00,38,69.2,50,65.3,46,61.1,134,65.0,3,0
379,2019-05-04 07:35:00,34,68.8,45,64.9,42,60.7,121,64.5,3,0
380,2019-05-04 07:40:00,31,68.1,42,64.2,40,60.1,113,63.9,3,0
381,2019-05-04 07:45:00,41,68.3,52,64.4,47,60.3,140,64.1,3,0
382,2019-05-04 07:50:00,38,68.8,49,64.9,45,60.7,132,64.6,3,0
383,2019-05-04 07:55:00,34,68.2,46,64.3,42,60.2,122,64.0,3,0
384,2019-05-04 08:00:00,34,69.1,45,65.2,42,61.0,121,64.8,3,0
385,2019-05-04 08:05:00,36,69.8,48,65.9,44,61.7,128,65.5,3,0
386,2019-05-04 08:10:00,37,69.7,48,65.8,44,61.6,129,65.5,3,0
387,2019-05-04 08:15:00,35,70.2,47,66.2,43,62.0,125,65.9,3,0
388,2019-05-04 08:20:00,37,69.7,48,65.7,44,61.5,129,65.4,3,0
389,2019-05-04 08:25:00,30,68.3,42,64.4,39,60.3,111,64.0,3,0
390,2019-05-04 08:30:00,39,67.5,50,63.6,46,59.6,135,63.4,3,0
391,2019-05-04 08:35:00,42,68.7,52,64.7,48,60.6,142,64.5,3,0
392,2019-05-04 08:40:00,42,67.5,53,63.5,48,59.5,143,63.3,3,0
393,2019-05-04 08:45:00,44,68.2,54,64.3,49,60.2,147,64.1,3,0
394,2019-05-04 08:50:00,44,68.0,54,64.1,49,60.0,147,63.9,3,0
395,2019-05-04 08:55:00,42,67.9,53,64.0,48,59.9,143,63.7,3,0
396,2019-05-04 09:00:00,41,68.9,52,65.0,48,60.8,141,64.7,3,0
397,2019-05-04 09:05:00,46,68.6,55,64.7,50,60.6,151,64.5,3,0
398,2019-05-04 09:10:00,41,67.5,51,63.6,47,59.5,139,63.3,3,0
399,2019-05-04 09:15:00,45,67.1,56,63.3,50,59.3,151,63.1,3,0
400,2019-05-04 09:20:00,47,67.5,57,63.6,52,59.6,156,63.4,3,0
401,2019-05-04 09:25:00,49,68.8,59,64.9,53,60.8,161,64.7,3,0
402,2019-05-04 09:30:00,50,68.4,61,64.5,54,60.4,165,64.3,3,0
403,2019-05-04 09:35:00,42,67.7,52,63.8,48,59.7,142,63.6,3,0
404,2019-05-04 09:40:00,46,68.1,57,64.2,51,60.1,154,64.0,3,0
405,2019-05-04 09:45:00,45,68.4,56,64.5,50,60.4,151,64.3,3,0
406,2019-05-04 09:50:00,47,67.0,57,63.1,52,59.1,156,63.0,3,0
407,2019-05-04 09:55:00,48,68.6,58,64.6,52,60.5,158,64.5,3,0
408,2019-05-04 10:00:00,51,68.6,61,64.7,55,60.6,167,64.5,3,0
409,2019-05-04 10:05:00,52,68.2,62,64.3,56,60.3,170,64.2,3,0
410,2019-05-04 10:10:00,46,67.5,56,63.6,51,59.6,153,63.5,3,0
411,2019-05-04 10:15:00,53,66.4,62,62.6,56,58.7,171,62.5,3,0
412,2019-05-04 10:20:00,52,67.3,62,63.4,56,59.4,170,63.3,3,0
413,2019-05-04 10:25:00,47,67.9,57,64.0,52,59.9,156,63.8,3,0
414,2019-05-04 10:30:00,56,68.2,66,64.3,59,60.2,181,64.1,3,0
415,2019-05-04 10:35:00,55,67.5,64,63.6,57,59.5,176,63.5,3,0
416,2019-05-04 10:40:00,45,67.8,56,63.9,51,59.8,152,63.7,3,0
417,2019-05-04 10:45:00,56,66.8,66,62.9,59,58.9,181,62.8,3,0
418,2019-05-04 10:50:00,59,67.7,68,63.8,61,59.8,188,63.7,3,0
419,2019-05-04 10:55:00,47,67.5,58,63.6,52,59.6,157,63.5,3,0
420,2019-05-04 11:00:00,55,67.7,64,63.8,57,59.8,176,63.7,3,0
421,2019-05-04 11:05:00,54,67.6,63,63.7,56,59.7,173,63.6,3,0
422,2019-05-04 11:10:00,47,68.5,57,64.6,51,60.5,155,64.4,3,0
423,2019-05-04 11:15:00,53,68.2,62,64.3,56,60.2,171,64.2,3,0
424,2019-05-04 11:20:00,51,67.6,61,63.7,55,59.6,167,63.5,3,0
425,2019-05-04 11:25:00,58,68.2,67,64.3,60,60.2,185,64.2,3,0
426,2019-05-04 11:30:00,50,69.1,61,65.2,54,61.0,165,65.0,3,0
427,2019-05-04 11:35:00,46,67.3,56,63.4,51,59.4,153,63.2,3,0
428,2019-05-04 11:40:00,48,68.3,59,64.5,53,60.4,160,64.3,3,0
429,2019-05-04 11:45:00,54,67.6,63,63.7,57,59.7,174,63.6,3,0
430,2019-05-04 11:50:00,46,68.5,56,64.6,51,60.5,153,64.4,3,0
431,2019-05-04 11:55:00,46,68.0,55,64.1,50,60.0,151,63.9,3,0
432,2019-05-04 12:00:00,44,68.0,55,64.2,50,60.1,149,63.9,3,0
433,2019-05-04 12:05:00,46,68.4,56,64.6,51,60.5,153,64.4,3,0
434,2019-05-04 12:10:00,52,69.5,62,65.6,55,61.4,169,65.5,3,0
435,2019-05-04 12:15:00,54,69.7,63,65.7,56,61.5,173,65.6,3,0
436,2019-05-04 12:20:00,52,69.0,63,65.1,56,60.9,171,64.9,3,0
437,2019-05-04 12:25:00,57,68.4,66,64.5,59,60.4,182,64.4,3,0
438,2019-05-04 12:30:00,44,68.3,54,64.4,49,60.3,147,64.2,3,0
439,2019-05-04 12:35:00,50,67.2,60,63.3,54,59.3,164,63.2,3,0
440,2019-05-04 12:40:00,50,66.6,60,62.8,54,58.8,164,62.6,3,0
441,2019-05-04 12:45:00,50,66.8,61,63.0,54,59.0,165,62.8,3,0
442,2019-05-04 12:50:00,54,67.6,64,63.7,57,59.7,175,63.6,3,0
443,2019-05-04 12:55:00,55,67.4,64,63.5,57,59.4,176,63.4,3,0
444,2019-05-04 13:00:00,56,67.0,65,63.1,58,59.1,179,63.0,3,0
445,2019-05-04 13:05:00,48,66.0,58,62.1,52,58.2,158,62.0,3,0
446,2019-05-04 13:10:00,49,67.0,59,63.2,53,59.2,161,63.0,3,0
447,2019-05-04 13:15:00,56,67.2,66,63.3,59,59.3,181,63.2,3,0
448,2019-05-04 13:20:00,55,66.2,65,62.4,58,58.4,178,62.3,3,0
449,2019-05-04 13:25:00,48,67.5,58,63.6,52,59.6,158,63.5,3,0
450,2019-05-04 13:30:00,54,68.5,64,64.6,57,60.5,175,64.5,3,0
451,2019-05-04 13:35:00,50,67.4,61,63.5,54,59.5,165,63.3,3,0
452,2019-05-04 13:40:00,59,67.0,68,63.1,60,59.1,187,63.0,3,0
453,2019-05-04 13:45:00,62,67.5,71,63.6,63,59.6,196,63.6,3,0
454,2019-05-04 13:50:00,60,67.4,69,63.6,62,59.5,191,63.5,3,0
455,2019-05-04 13:55:00,54,67.0,64,63.1,57,59.1,175,63.0,3,0
456,2019-05-04 14:00:00,60,67.4,68,63.5,61,59.4,189,63.4,3,0
457,2019-05-04 14:05:00,52,66.6,62,62.7,56,58.7,170,62.6,3,0
458,2019-05-04 14:10:00,54,65.6,64,61.7,57,57.8,175,61.7,3,0
459,2019-05-04 14:15:00,57,66.7,66,62.9,59,58.9,182,62.8,3,0
460,2019-05-04 14:20:00,59,65.9,69,62.0,61,58.1,189,62.0,3,0
461,2019-05-04 14:25:00,53,66.9,63,63.0,56,59.0,172,62.9,3,0
462,2019-05-04 14:30:00,60,66.3,70,62.4,62,58.4,192,62.3,3,0
463,2019-05-04 14:35:00,62,67.5,71,63.6,63,59.6,196,63.6,3,0
464,2019-05-04 14:40:00,58,66.6,68,62.7,60,58.7,186,62.6,3,0
465,2019-05-04 14:45:00,61,67.4,71,63.5,63,59.5,195,63.4,3,0
466,2019-05-04 14:50:00,59,67.3,68,63.4,61,59.4,188,63.3,3,0
467,2019-05-04 14:55:00,56,66.6,66,62.7,59,58.8,181,62.7,3,0
468,2019-05-04 15:00:00,53,67.9,64,63.9,57,59.9,174,63.8,3,0
469,2019-05-04 15:05:00,53,67.1,64,63.2,57,59.1,174,63.0,3,0
470,2019-05-04 15:10:00,53,68.3,63,64.4,57,60.3,173,64.2,3,0
471,2019-05-04 15:15:00,51,67.5,61,63.6,55,59.5,167,63.4,3,0
472,2019-05-04 15:20:00,59,67.1,69,63.2,61,59.2,189,63.1,3,0
473,2019-05-04 15:25:00,52,67.9,62,64.0,56,59.9,170,63.9,3,0
474,2019-05-04 15:30:00,55,67.2,64,63.3,58,59.3,177,63.2,3,0
475,2019-05-04 15:35:00,61,67.7,70,63.8,62,59.8,193,63.8,3,0
476,2019-05-04 15:40:00,64,67.3,73,63.4,65,59.3,202,63.3,3,0
477,2019-05-04 15:45:00,59,67.2,68,63.4,61,59.3,188,63.3,3,0
478,2019-05-04 15:50:00,60,67.3,69,63.4,61,59.4,190,63.3,3,0
479,2019-05-04 15:55:00,52,67.4,62,63.5,55,59.5,169,63.4,3,0
480,2019-05-04 16:00:00,54,68.6,64,64.7,57,60.6,175,64.5,3,0
481,2019-05-04 16:05:00,60,67.7,70,63.8,62,59.7,192,63.7,3,0
482,2019-05-04 16:10:00,49,68.2,59,64.3,53,60.2,161,64.1,3,0
483,2019-05-04 16:15:00,49,68.5,59,64.5,53,60.4,161,64.4,3,0
484,2019-05-04 16:20:00,57,68.7,67,64.8,60,60.7,184,64.6,3,0
485,2019-05-04 16:25:00,58,67.9,67,64.0,60,60.0,185,63.9,3,0
486,2019-05-04 16:30:00,66,66.9,75,63.0,67,59.0,208,62.9,3,0
487,2019-05-04 16:35:00,52,67.8,62,63.9,56,59.9,170,63.8,3,0
488,2019-05-04 16:40:00,48,67.6,58,63.7,52,59.7,158,63.6,3,0
489,2019-05-04 16:45:00,63,67.9,72,63.9,64,59.9,199,63.9,3,0
490,2019-05-04 16:50:00,50,67.6,60,63.8,54,59.7,164,63.6,3,0
491,2019-05-04 16:55:00,55,67.2,64,63.3,58,59.3,177,63.2,3,0
492,2019-05-04 17:00:00,61,67.5,70,63.5,62,59.5,193,63.5,3,0
493,2019-05-04 17:05:00,55,68.2,64,64.3,58,60.2,177,64.2,3,0
494,2019-05-04 17:10:00,58,68.6,68,64.7,60,60.6,186,64.6,3,0
495,2019-05-04 17:15:00,47,68.4,57,64.5,52,60.4,156,64.3,3,0
496,2019-05-04 17:20:00,50,68.7,60,64.8,54,60.7,164,64.7,3,0
497,2019-05-04 17:25:00,49,68.0,59,64.1,53,60.0,161,64.0,3,0
498,2019-05-04 17:30:00,53,68.4,62,64.5,56,60.4,171,64.3,3,0
499,2019-05-04 17:35:00,53,68.6,63,64.7,56,60.6,172,64.6,3,0
500,2019-05-04 17:40:00,54,68.5,63,64.5,57,60.4,174,64.4,3,0
501,2019-05-04 17:45:00,52,67.8,62,63.8,56,59.8,170,63.7,3,0
502,2019-05-04 17:50:00,54,67.7,64,63.8,57,59.7,175,63.7,3,0
503,2019-05-04 17:55:00,52,67.6,62,63.7,56,59.6,170,63.5,3,0
504,2019-05-04 18:00:00,52,68.0,62,64.1,56,60.1,170,64.0,3,0
505,2019-05-04 18:05:00,42,67.5,52,63.6,48,59.5,142,63.4,3,0
506,2019-05-04 18:10:00,51,67.5,62,63.6,56,59.6,169,63.5,3,0
507,2019-05-04 18:15:00,50,67.2,61,63.4,54,59.4,165,63.2,3,0
508,2019-05-04 18:20:00,44,66.8,55,62.9,50,58.9,149,62.7,3,0
509,2019-05-04 18:25:00,48,68.1,58,64.2,52,60.1,158,64.0,3,0
510,2019-05-04 18:30:00,43,67.3,54,63.4,49,59.4,146,63.2,3,0
511,2019-05-04 18:35:00,41,68.3,52,64.5,47,60.4,140,64.2,3,0
512,2019-05-04 18:40:00,46,68.6,56,64.7,51,60.5,153,64.5,3,0
513,2019-05-04 18:45:00,58,70.8,95,68.7,67,61.8,220,67.1,3,0
514,2019-05-04 18:50:00,57,70.8,93,68.7,65,61.8,215,67.2,3,0
515,2019-05-04 18:55:00,56,70.8,91,68.7,64,61.8,211,67.2,3,0
516,2019-05-04 19:00:00,55,71.1,89,68.9,62,62.0,206,67.4,3,0
517,2019-05-04 19:05:00,54,71.2,88,69.0,62,62.1,204,67.5,3,0
518,2019-05-04 19:10:00,54,71.3,88,69.1,62,62.1,204,67.6,3,0
519,2019-05-04 19:15:00,54,71.4,87,69.2,61,62.2,202,67.7,3,0
520,2019-05-04 19:20:00,27,68.4,39,64.5,37,60.4,103,64.0,3,0
521,2019-05-04 19:25:00,39,68.3,50,64.4,45,60.3,134,64.2,3,0
522,2019-05-04 19:30:00,38,68.1,50,64.2,46,60.1,134,63.9,3,0
523,2019-05-04 19:35:00,37,68.3,49,64.4,45,60.3,131,64.1,3,0
524,2019-05-04 19:40:00,36,68.9,47,65.0,43,60.8,126,64.7,3,0
525,2019-05-04 19:45:00,35,68.2,46,64.3,43,60.2,124,64.0,3,0
526,2019-05-04 19:50:00,34,68.2,45,64.3,42,60.3,121,64.0,3,0
527,2019-05-04 19:55:00,37,69.2,48,65.3,44,61.1,129,65.0,3,0
528,2019-05-04 20:00:00,35,68.8,46,64.9,43,60.7,124,64.6,3,0
529,2019-05-04 20:05:00,33,67.7,44,63.8,41,59.8,118,63.5,3,0
530,2019-05-04 20:10:00,33,66.5,44,62.6,41,58.6,118,62.3,3,0
531,2019-05-04 20:15:00,29,67.7,41,63.8,39,59.7,109,63.4,3,0
532,2019-05-04 20:20:00,29,68.5,41,64.5,38,60.4,108,64.1,3,0
533,2019-05-04 20:25:00,31,68.4,43,64.5,40,60.4,114,64.1,3,0
534,2019-05-04 20:30:00,39,67.4,49,63.5,45,59.5,133,63.3,3,0
535,2019-05-04 20:35:00,33,67.5,44,63.6,41,59.5,118,63.3,3,0
536,2019-05-04 20:40:00,36,67.7,48,63.8,44,59.8,128,63.5,3,0
537,2019-05-04 20:45:00,31,67.6,43,63.7,40,59.6,114,63.3,3,0
538,2019-05-04 20:50:00,29,68.0,41,64.1,39,60.0,109,63.7,3,0
539,2019-05-04 20:55:00,34,67.1,45,63.3,42,59.2,121,63.0,3,0
540,2019-05-04 21:00:00,30,67.8,42,63.9,39,59.8,111,63.5,3,0
541,2019-05-04 21:05:00,30,68.0,42,64.1,39,60.0,111,63.7,3,0
542,2019-05-04 21:10:00,29,68.3,41,64.4,38,60.3,108,64.0,3,0
543,2019-05-04 21:15:00,31,68.7,42,64.7,40,60.6,113,64.4,3,0
544,2019-05-04 21:20:00,28,68.2,40,64.3,38,60.2,106,63.9,3,0
545,2019-05-04 21:25:00,27,67.9,39,64.0,36,59.9,102,63.6,3,0
546,2019-05-04 21:30:00,26,68.2,39,64.3,37,60.2,102,63.8,3,0
547,2019-05-04 21:35:00,30,68.4,41,64.5,39,60.4,110,64.1,3,0
548,2019-05-04 21:40:00,33,68.3,44,64.4,41,60.3,118,64.1,3,0
549,2019-05-04 21:45:00,26,68.2,38,64.3,36,60.2,100,63.9,3,0
550,2019-05-04 21:50:00,25,66.6,37,62.8,35,58.8,97,62.3,3,0
551,2019-05-04 21:55:00,23,67.5,34,63.6,33,59.6,90,63.2,3,0
552,2019-05-04 22:00:00,25,67.6,37,63.7,35,59.7,97,63.3,3,0
553,2019-05-04 22:05:00,24,68.1,36,64.2,34,60.1,94,63.7,3,0
554,2019-05-04 22:10:00,25,67.6,37,63.7,35,59.7,97,63.3,3,0
555,2019-05-04 22:15:00,31,67.9,43,64.0,40,59.9,114,63.6,3,0
556,2019-05-04 22:20:00,27,67.7,39,63.8,37,59.8,103,63.4,3,0
557,2019-05-04 22:25:00,26,68.2,37,64.3,36,60.2,99,63.8,3,0
558,2019-05-04 22:30:00,21,68.4,33,64.5,32,60.4,86,63.9,3,0
559,2019-05-04 22:35:00,28,68.2,40,64.3,38,60.2,106,63.8,3,0
560,2019-05-04 22:40:00,26,68.0,38,64.1,36,60.0,100,63.6,3,0
561,2019-05-04 22:45:00,23,68.1,35,64.2,33,60.1,91,63.7,3,0
562,2019-05-04 22:50:00,27,68.3,39,64.4,36,60.3,102,64.0,3,0
563,2019-05-04 22:55:00,24,68.4,36,64.5,34,60.4,94,64.0,3,0
564,2019-05-04 23:00:00,19,68.2,31,64.3,31,60.2,81,63.6,3,0
565,2019-05-04 23:05:00,21,67.8,34,63.9,32,59.8,87,63.3,3,0
566,2019-05-04 23:10:00,27,68.1,39,64.2,36,60.1,102,63.8,3,0
567,2019-05-04 23:15:00,20,68.5,32,64.5,31,60.4,83,64.0,3,0
568,2019-05-04 23:20:00,21,68.5,33,64.6,32,60.5,86,64.0,3,0
569,2019-05-04 23:25:00,25,68.8,37,64.9,35,60.8,97,64.4,3,0
570,2019-05-04 23:30:00,24,68.9,36,65.0,34,60.8,94,64.5,3,0
571,2019-05-04 23:35:00,21,68.5,33,64.6,32,60.5,86,64.0,3,0
572,2019-05-04 23:40:00,25,68.7,37,64.8,35,60.7,97,64.3,3,0
573,2019-05-04 23:45:00,16,68.6,29,64.7,28,60.6,73,64.0,3,0
574,2019-05-04 23:50:00,20,68.4,32,64.5,31,60.4,83,63.9,3,0
575,2019-05-04 23:55:00,21,68.4,33,64.5,32,60.4,86,63.9,3,0
576,2019-05-05 00:00:00,21,68.4,33,64.5,32,60.4,86,63.9,3,0
577,2019-05-05 00:05:00,17,68.3,29,64.4,29,60.3,75,63.7,3,0
578,2019-05-05 00:10:00,19,68.7,31,64.8,31,60.7,81,64.2,3,0
579,2019-05-05 00:15:00,16,68.6,28,64.7,28,60.6,72,63.9,3,0
580,2019-05-05 00:20:00,16,68.5,29,64.6,29,60.5,74,63.8,3,0
581,2019-05-05 00:25:00,15,68.2,28,64.2,28,60.2,71,63.5,3,0
582,2019-05-05 00:30:00,13,68.4,26,64.5,26,60.4,65,63.6,3,0
583,2019-05-05 00:35:00,14,68.4,27,64.5,27,60.4,68,63.7,3,0
584,2019-05-05 00:40:00,15,68.2,28,64.3,28,60.2,71,63.5,3,0
585,2019-05-05 00:45:00,14,68.3,27,64.4,27,60.3,68,63.5,3,0
586,2019-05-05 00:50:00,16,68.3,29,64.4,29,60.3,74,63.6,3,0
587,2019-05-05 00:55:00,14,68.0,27,64.0,27,60.0,68,63.2,3,0
588,2019-05-05 01:00:00,15,67.9,28,64.0,27,59.9,70,63.3,3,0
589,2019-05-05 01:05:00,12,68.2,25,64.3,25,60.2,62,63.4,3,0
590,2019-05-05 01:10:00,14,68.4,27,64.5,27,60.4,68,63.7,3,0
591,2019-05-05 01:15:00,12,68.3,25,64.4,26,60.3,63,63.5,3,0
592,2019-05-05 01:20:00,9,68.5,23,64.5,23,60.4,55,63.5,3,0
593,2019-05-05 01:25:00,9,68.3,23,64.4,23,60.3,55,63.3,3,0
594,2019-05-05 01:30:00,10,68.0,24,64.1,24,60.0,58,63.0,3,0
595,2019-05-05 01:35:00,9,68.1,23,64.2,24,60.2,56,63.1,3,0
596,2019-05-05 01:40:00,12,68.1,25,64.2,25,60.1,62,63.3,3,0
597,2019-05-05 01:45:00,10,68.3,23,64.4,24,60.3,57,63.4,3,0
598,2019-05-05 01:50:00,11,68.3,24,64.4,25,60.3,60,63.4,3,0
599,2019-05-05 01:55:00,10,68.4,23,64.5,24,60.4,57,63.5,3,0
600,2019-05-05 02:00:00,11,68.1,24,64.2,25,60.1,60,63.2,3,0
601,2019-05-05 02:05:00,11,68.0,24,64.1,25,60.0,60,63.1,3,0
602,2019-05-05 02:10:00,12,67.9,26,64.0,26,60.0,64,63.1,3,0
603,2019-05-05 02:15:00,8,68.0,22,64.1,23,60.0,53,62.9,3,0
604,2019-05-05 02:20:00,14,68.2,27,64.3,27,60.2,68,63.4,3,0
605,2019-05-05 02:25:00,11,68.2,24,64.3,25,60.2,60,63.3,3,0
606,2019-05-05 02:30:00,13,68.1,26,64.2,26,60.1,65,63.4,3,0
607,2019-05-05 02:35:00,7,68.3,21,64.4,22,60.3,50,63.1,3,0
608,2019-05-05 02:40:00,10,68.3,23,64.4,24,60.3,57,63.4,3,0
609,2019-05-05 02:45:00,11,68.3,24,64.4,25,60.3,60,63.4,3,0
610,2019-05-05 02:50:00,9,68.2,22,64.3,23,60.2,54,63.2,3,0
611,2019-05-05 02:55:00,10,68.2,23,64.3,24,60.2,57,63.3,3,0
612,2019-05-05 03:00:00,11,68.1,25,64.2,25,60.1,61,63.2,3,0
613,2019-05-05 03:05:00,10,68.3,23,64.4,24,60.3,57,63.4,3,0
614,2019-05-05 03:10:00,7,68.4,21,64.5,22,60.4,50,63.2,3,0
615,2019-05-05 03:15:00,6,68.4,20,64.5,21,60.4,47,63.2,3,0
616,2019-05-05 03:20:00,8,68.6,22,64.6,23,60.5,53,63.5,3,0
617,2019-05-05 03:25:00,9,68.3,22,64.4,23,60.3,54,63.3,3,0
618,2019-05-05 03:30:00,7,68.4,21,64.5,22,60.4,50,63.3,3,0
619,2019-05-05 03:35:00,8,68.3,21,64.4,22,60.3,51,63.3,3,0
620,2019-05-05 03:40:00,8,68.4,22,64.5,23,60.4,53,63.3,3,0
621,2019-05-05 03:45:00,10,67.9,23,64.0,24,60.0,57,63.0,3,0
622,2019-05-05 03:50:00,12,68.1,25,64.2,25,60.1,62,63.3,3,0
623,2019-05-05 03:55:00,7,68.0,21,64.1,22,60.1,50,62.9,3,0
624,2019-05-05 04:00:00,9,68.2,22,64.3,23,60.2,54,63.2,3,0
625,2019-05-05 04:05:00,9,68.2,23,64.3,23,60.2,55,63.3,3,0
626,2019-05-05 04:10:00,9,68.4,23,64.5,23,60.4,55,63.4,3,0
627,2019-05-05 04:15:00,9,68.3,22,64.4,23,60.3,54,63.3,3,0
628,2019-05-05 04:20:00,8,68.5,22,64.5,23,60.4,53,63.3,3,0
629,2019-05-05 04:25:00,8,68.5,22,64.5,23,60.4,53,63.3,3,0
630,2019-05-05 04:30:00,9,68.5,23,64.6,24,60.5,56,63.5,3,0
631,2019-05-05 04:35:00,7,68.6,21,64.6,22,60.5,50,63.4,3,0
632,2019-05-05 04:40:00,12,68.3,25,64.4,25,60.3,62,63.5,3,0
633,2019-05-05 04:45:00,11,68.2,25,64.3,25,60.2,61,63.4,3,0
634,2019-05-05 04:50:00,10,68.2,23,64.3,24,60.2,57,63.3,3,0
635,2019-05-05 04:55:00,8,68.2,21,64.3,22,60.2,51,63.2,3,0
636,2019-05-05 05:00:00,13,68.1,26,64.2,26,60.1,65,63.4,3,0
637,2019-05-05 05:05:00,9,68.2,22,64.3,23,60.2,54,63.2,3,0
638,2019-05-05 05:10:00,9,68.2,22,64.3,23,60.2,54,63.2,3,0
639,2019-05-05 05:15:00,12,68.3,25,64.4,25,60.3,62,63.5,3,0
640,2019-05-05 05:20:00,13,67.9,25,63.9,26,59.9,64,63.1,3,0
641,2019-05-05 05:25:00,13,68.3,26,64.4,26,60.3,65,63.5,3,0
642,2019-05-05 05:30:00,11,68.2,24,64.3,24,60.2,59,63.3,3,0
643,2019-05-05 05:35:00,11,68.1,25,64.2,25,60.1,61,63.2,3,0
644,2019-05-05 05:40:00,11,68.3,25,64.4,25,60.3,61,63.5,3,0
645,2019-05-05 05:45:00,13,68.4,26,64.5,26,60.4,65,63.6,3,0
646,2019-05-05 05:50:00,10,68.3,23,64.4,24,60.3,57,63.4,3,0
647,2019-05-05 05:55:00,10,68.4,23,64.5,24,60.4,57,63.4,3,0
648,2019-05-05 06:00:00,9,68.0,23,64.1,24,60.0,56,63.0,3,0
649,2019-05-05 06:05:00,13,68.2,26,64.3,26,60.2,65,63.4,3,0
650,2019-05-05 06:10:00,11,68.1,25,64.2,25,60.1,61,63.2,3,0
651,2019-05-05 06:15:00,11,68.2,24,64.3,25,60.2,60,63.3,3,0
652,2019-05-05 06:20:00,17,68.4,30,64.5,29,60.4,76,63.8,3,0
653,2019-05-05 06:25:00,13,68.4,26,64.5,26,60.4,65,63.6,3,0
654,2019-05-05 06:30:00,16,68.2,29,64.3,28,60.2,73,63.6,3,0
655,2019-05-05 06:35:00,19,67.4,31,63.5,31,59.4,81,62.8,3,0
656,2019-05-05 06:40:00,19,67.7,31,63.8,31,59.7,81,63.1,3,0
657,2019-05-05 06:45:00,19,68.0,31,64.1,31,60.0,81,63.4,3,0
658,2019-05-05 06:50:00,20,68.3,33,64.4,31,60.3,84,63.8,3,0
659,2019-05-05 06:55:00,17,68.4,30,64.5,29,60.4,76,63.8,3,0
660,2019-05-05 07:00:00,12,68.4,26,64.5,26,60.4,64,63.5,3,0
661,2019-05-05 07:05:00,22,67.8,35,63.9,33,59.8,90,63.3,3,0
662,2019-05-05 07:10:00,18,67.8,30,63.9,30,59.9,78,63.3,3,0
663,2019-05-05 07:15:00,22,68.4,34,64.5,32,60.4,88,64.0,3,0
664,2019-05-05 07:20:00,18,68.1,31,64.2,30,60.1,79,63.5,3,0
665,2019-05-05 07:25:00,17,68.4,30,64.5,29,60.4,76,63.8,3,0
666,2019-05-05 07:30:00,21,67.8,34,63.9,33,59.8,88,63.3,3,0
667,2019-05-05 07:35:00,20,68.3,32,64.4,31,60.3,83,63.8,3,0
668,2019-05-05 07:40:00,23,68.4,35,64.5,33,60.4,91,64.0,3,0
669,2019-05-05 07:45:00,27,68.6,38,64.7,36,60.6,101,64.3,3,0
670,2019-05-05 07:50:00,22,68.8,34,64.8,32,60.7,88,64.3,3,0
671,2019-05-05 07:55:00,24,68.7,36,64.8,35,60.7,95,64.3,3,0
672,2019-05-05 08:00:00,23,68.1,35,64.2,34,60.1,92,63.6,3,0
673,2019-05-05 08:05:00,24,68.6,36,64.7,34,60.6,94,64.2,3,0
674,2019-05-05 08:10:00,22,68.5,34,64.6,33,60.5,89,64.0,3,0
675,2019-05-05 08:15:00,19,68.3,32,64.4,31,60.3,82,63.8,3,0
676,2019-05-05 08:20:00,24,68.5,37,64.6,35,60.5,96,64.1,3,0
677,2019-05-05 08:25:00,24,68.2,37,64.3,35,60.2,96,63.8,3,0
678,2019-05-05 08:30:00,24,67.4,36,63.5,34,59.5,94,63.0,3,0
679,2019-05-05 08:35:00,27,68.0,39,64.0,37,60.0,103,63.6,3,0
680,2019-05-05 08:40:00,30,68.0,41,64.1,39,60.0,110,63.7,3,0
681,2019-05-05 08:45:00,34,68.1,46,64.2,42,60.1,122,63.8,3,0
682,2019-05-05 08:50:00,34,68.1,45,64.2,42,60.1,121,63.8,3,0
683,2019-05-05 08:55:00,31,68.2,43,64.3,40,60.2,114,63.9,3,0
684,2019-05-05 09:00:00,28,68.0,40,64.1,37,60.0,105,63.7,3,0
685,2019-05-05 09:05:00,30,68.4,42,64.5,39,60.4,111,64.1,3,0
686,2019-05-05 09:10:00,28,68.1,40,64.2,38,60.1,106,63.8,3,0
687,2019-05-05 09:15:00,32,67.2,44,63.3,41,59.3,117,62.9,3,0
688,2019-05-05 09:20:00,29,67.2,41,63.3,39,59.3,109,62.9,3,0
689,2019-05-05 09:25:00,28,67.7,40,63.8,37,59.8,105,63.5,3,0
690,2019-05-05 09:30:00,34,68.3,45,64.4,42,60.3,121,64.0,3,0
691,2019-05-05 09:35:00,38,68.1,49,64.2,45,60.1,132,63.9,3,0
692,2019-05-05 09:40:00,41,67.5,52,63.6,47,59.5,140,63.4,3,0
693,2019-05-05 09:45:00,40,68.0,51,64.1,47,60.1,138,63.9,3,0
694,2019-05-05 09:50:00,34,68.1,45,64.2,42,60.2,121,63.9,3,0
695,2019-05-05 09:55:00,40,68.3,50,64.4,46,60.3,136,64.2,3,0
696,2019-05-05 10:00:00,33,68.5,45,64.6,41,60.5,119,64.2,3,0
697,2019-05-05 10:05:00,39,68.2,50,64.3,46,60.2,135,64.1,3,0
698,2019-05-05 10:10:00,45,68.0,55,64.1,50,60.0,150,63.9,3,0
699,2019-05-05 10:15:00,34,68.4,46,64.5,42,60.4,122,64.2,3,0
700,2019-05-05 10:20:00,40,69.0,51,65.1,46,60.9,137,64.8,3,0
701,2019-05-05 10:25:00,48,67.9,58,64.0,52,59.9,158,63.8,3,0
702,2019-05-05 10:30:00,49,68.7,60,64.8,54,60.7,163,64.6,3,0
703,2019-05-05 10:35:00,42,68.4,53,64.5,48,60.4,143,64.3,3,0
704,2019-05-05 10:40:00,50,68.1,59,64.1,53,60.1,162,64.0,3,0
705,2019-05-05 10:45:00,48,67.1,58,63.2,52,59.2,158,63.1,3,0
706,2019-05-05 10:50:00,47,68.1,58,64.1,52,60.1,157,64.0,3,0
707,2019-05-05 10:55:00,46,69.1,57,65.1,52,61.0,155,64.9,3,0
708,2019-05-05 11:00:00,39,68.4,50,64.5,46,60.4,135,64.2,3,0
709,2019-05-05 11:05:00,45,67.6,55,63.7,50,59.7,150,63.6,3,0
710,2019-05-05 11:10:00,41,67.9,52,63.9,47,59.9,140,63.7,3,0
711,2019-05-05 11:15:00,48,66.6,58,62.7,53,58.8,159,62.6,3,0
712,2019-05-05 11:20:00,44,66.6,54,62.7,49,58.7,147,62.5,3,0
713,2019-05-05 11:25:00,40,68.2,51,64.3,47,60.2,138,64.0,3,0
714,2019-05-05 11:30:00,37,68.5,48,64.6,44,60.4,129,64.3,3,0
715,2019-05-05 11:35:00,47,67.7,57,63.8,52,59.7,156,63.6,3,0
716,2019-05-05 11:40:00,46,68.5,57,64.5,51,60.4,154,64.4,3,0
717,2019-05-05 11:45:00,54,69.0,64,65.1,57,60.9,175,64.9,3,0
718,2019-05-05 11:50:00,48,68.4,59,64.5,53,60.4,160,64.3,3,0
719,2019-05-05 11:55:00,50,67.9,60,63.9,54,59.9,164,63.8,3,0
720,2019-05-05 12:00:00,41,68.2,51,64.3,47,60.2,139,64.1,3,0
721,2019-05-05 12:05:00,52,68.1,62,64.2,55,60.1,169,64.1,3,0
722,2019-05-05 12:10:00,45,67.5,55,63.6,50,59.6,150,63.4,3,0
723,2019-05-05 12:15:00,41,67.5,52,63.6,47,59.6,140,63.4,3,0
724,2019-05-05 12:20:00,51,67.8,61,63.9,55,59.9,167,63.8,3,0
725,2019-05-05 12:25:00,45,67.9,56,64.0,50,59.9,151,63.8,3,0
726,2019-05-05 12:30:00,55,66.7,66,62.8,58,58.8,179,62.7,3,0
727,2019-05-05 12:35:00,47,67.1,57,63.2,52,59.2,156,63.1,3,0
728,2019-05-05 12:40:00,45,67.6,55,63.7,50,59.6,150,63.5,3,0
729,2019-05-05 12:45:00,55,66.3,64,62.4,58,58.5,177,62.4,3,0
730,2019-05-05 12:50:00,46,66.3,57,62.4,51,58.5,154,62.3,3,0
731,2019-05-05 12:55:00,48,66.3,59,62.4,53,58.5,160,62.3,3,0
732,2019-05-05 13:00:00,45,68.0,55,64.1,50,60.0,150,63.9,3,0
733,2019-05-05 13:05:00,49,68.0,58,64.1,53,60.0,160,64.0,3,0
734,2019-05-05 13:10:00,48,68.9,58,65.0,52,60.8,158,64.8,3,0
735,2019-05-05 13:15:00,54,68.6,63,64.7,57,60.6,174,64.5,3,0
736,2019-05-05 13:20:00,53,67.6,63,63.7,56,59.6,172,63.6,3,0
737,2019-05-05 13:25:00,50,68.2,60,64.3,54,60.2,164,64.1,3,0
738,2019-05-05 13:30:00,50,68.5,59,64.6,54,60.5,163,64.4,3,0
739,2019-05-05 13:35:00,53,68.0,63,64.1,56,60.0,172,64.0,3,0
740,2019-05-05 13:40:00,54,67.7,63,63.8,57,59.7,174,63.7,3,0
741,2019-05-05 13:45:00,50,68.0,61,64.0,55,60.0,166,63.9,3,0
742,2019-05-05 13:50:00,47,68.5,58,64.6,52,60.5,157,64.4,3,0
743,2019-05-05 13:55:00,53,67.9,64,64.0,57,59.9,174,63.9,3,0
744,2019-05-05 14:00:00,54,68.4,64,64.5,57,60.4,175,64.3,3,0
745,2019-05-05 14:05:00,55,66.6,66,62.6,58,58.7,179,62.6,3,0
746,2019-05-05 14:10:00,55,67.5,64,63.6,57,59.5,176,63.5,3,0
747,2019-05-05 14:15:00,51,67.8,61,63.8,55,59.8,167,63.7,3,0
748,2019-05-05 14:20:00,56,67.1,66,63.2,59,59.2,181,63.1,3,0
749,2019-05-05 14:25:00,57,67.7,67,63.8,59,59.8,183,63.7,3,0
750,2019-05-05 14:30:00,53,67.7,63,63.8,56,59.8,172,63.7,3,0
751,2019-05-05 14:35:00,52,68.0,62,64.1,56,60.0,170,63.9,3,0
752,2019-05-05 14:40:00,49,68.6,59,64.6,53,60.5,161,64.5,3,0
753,2019-05-05 14:45:00,56,67.2,65,63.3,58,59.3,179,63.2,3,0
754,2019-05-05 14:50:00,51,68.4,61,64.5,55,60.4,167,64.3,3,0
755,2019-05-05 14:55:00,51,69.1,61,65.1,55,61.0,167,65.0,3,0
756,2019-05-05 15:00:00,46,68.7,56,64.8,51,60.6,153,64.6,3,0
757,2019-05-05 15:05:00,45,68.7,56,64.8,50,60.7,151,64.6,3,0
758,2019-05-05 15:10:00,48,67.7,58,63.8,52,59.8,158,63.7,3,0
759,2019-05-05 15:15:00,49,67.8,59,63.9,53,59.8,161,63.8,3,0
760,2019-05-05 15:20:00,48,68.1,58,64.2,52,60.1,158,64.0,3,0
761,2019-05-05 15:25:00,47,67.0,57,63.1,52,59.1,156,63.0,3,0
762,2019-05-05 15:30:00,44,66.7,55,62.8,50,58.8,149,62.6,3,0
763,2019-05-05 15:35:00,56,65.7,66,61.8,59,57.8,181,61.7,3,0
764,2019-05-05 15:40:00,50,67.1,60,63.2,54,59.2,164,63.1,3,0
765,2019-05-05 15:45:00,58,67.5,68,63.6,60,59.6,186,63.5,3,0
766,2019-05-05 15:50:00,49,68.1,58,64.1,53,60.1,160,64.0,3,0
767,2019-05-05 15:55:00,56,68.1,65,64.1,58,60.1,179,64.1,3,0
768,2019-05-05 16:00:00,47,68.1,58,64.2,52,60.1,157,64.0,3,0
769,2019-05-05 16:05:00,58,67.4,67,63.4,60,59.4,185,63.4,3,0
770,2019-05-05 16:10:00,51,67.7,62,63.8,55,59.7,168,63.6,3,0
771,2019-05-05 16:15:00,37,68.3,48,64.4,44,60.3,129,64.1,3,0
772,2019-05-05 16:20:00,44,67.9,54,64.0,49,59.9,147,63.8,3,0
773,2019-05-05 16:25:00,45,68.3,55,64.3,50,60.3,150,64.2,3,0
774,2019-05-05 16:30:00,50,67.8,60,63.9,54,59.8,164,63.7,3,0
775,2019-05-05 16:35:00,50,67.6,59,63.6,54,59.6,163,63.5,3,0
776,2019-05-05 16:40:00,42,68.5,52,64.6,48,60.4,142,64.3,3,0
777,2019-05-05 16:45:00,46,67.5,57,63.6,51,59.6,154,63.4,3,0
778,2019-05-05 16:50:00,52,66.9,62,63.0,56,59.0,170,62.8,3,0
779,2019-05-05 16:55:00,48,68.1,59,64.2,53,60.1,160,64.0,3,0
780,2019-05-05 17:00:00,44,68.2,54,64.3,49,60.2,147,64.1,3,0
781,2019-05-05 17:05:00,42,67.5,53,63.6,48,59.6,143,63.4,3,0
782,2019-05-05 17:10:00,45,66.7,55,62.8,50,58.8,150,62.6,3,0
783,2019-05-05 17:15:00,49,67.3,60,63.4,54,59.4,163,63.3,3,0
784,2019-05-05 17:20:00,46,67.0,56,63.0,51,59.1,153,62.9,3,0
785,2019-05-05 17:25:00,52,68.2,62,64.3,55,60.2,169,64.2,3,0
786,2019-05-05 17:30:00,37,68.2,48,64.3,44,60.2,129,64.0,3,0
787,2019-05-05 17:35:00,48,68.1,59,64.2,53,60.1,160,64.0,3,0
788,2019-05-05 17:40:00,45,69.0,55,65.1,50,60.9,150,64.9,3,0
789,2019-05-05 17:45:00,48,68.7,58,64.8,53,60.6,159,64.6,3,0
790,2019-05-05 17:50:00,38,68.3,50,64.4,45,60.3,133,64.2,3,0
791,2019-05-05 17:55:00,44,68.3,54,64.4,49,60.3,147,64.2,3,0
792,2019-05-05 18:00:00,40,67.9,51,64.0,46,59.9,137,63.7,3,0
793,2019-05-05 18:05:00,45,67.7,55,63.8,50,59.8,150,63.6,3,0
794,2019-05-05 18:10:00,49,67.8,59,63.9,53,59.8,161,63.7,3,0
795,2019-05-05 18:15:00,37,67.6,48,63.7,45,59.6,130,63.4,3,0
796,2019-05-05 18:20:00,37,68.1,48,64.2,44,60.1,129,63.9,3,0
797,2019-05-05 18:25:00,45,67.7,55,63.8,50,59.7,150,63.6,3,0
798,2019-05-05 18:30:00,36,67.5,48,63.6,44,59.6,128,63.3,3,0
799,2019-05-05 18:35:00,37,66.6,49,62.8,45,58.8,131,62.5,3,0
800,2019-05-05 18:40:00,41,67.1,53,63.2,48,59.2,142,63.0,3,0
801,2019-05-05 18:45:00,34,67.6,45,63.7,42,59.6,121,63.4,3,0
802,2019-05-05 18:50:00,36,67.7,47,63.8,43,59.7,126,63.5,3,0
803,2019-05-05 18:55:00,41,68.0,51,64.1,47,60.1,139,63.9,3,0
804,2019-05-05 19:00:00,38,68.3,50,64.4,46,60.3,134,64.1,3,0
805,2019-05-05 19:05:00,34,67.7,45,63.9,42,59.8,121,63.5,3,0
806,2019-05-05 19:10:00,31,68.4,42,64.5,39,60.4,112,64.2,3,0
807,2019-05-05 19:15:00,38,68.0,49,64.1,45,60.0,132,63.8,3,0
808,2019-05-05 19:20:00,33,67.1,44,63.3,41,59.3,118,63.0,3,0
809,2019-05-05 19:25:00,28,68.1,39,64.2,37,60.1,104,63.8,3,0
810,2019-05-05 19:30:00,34,68.0,45,64.1,42,60.0,121,63.8,3,0
811,2019-05-05 19:35:00,34,67.6,45,63.7,41,59.6,120,63.4,3,0
812,2019-05-05 19:40:00,34,67.9,45,64.0,42,59.9,121,63.7,3,0
813,2019-05-05 19:45:00,37,67.6,48,63.7,44,59.7,129,63.5,3,0
814,2019-05-05 19:50:00,27,67.2,40,63.3,37,59.3,104,62.9,3,0
815,2019-05-05 19:55:00,30,67.7,41,63.8,39,59.8,110,63.4,3,0
816,2019-05-05 20:00:00,32,67.6,43,63.7,40,59.6,115,63.4,3,0
817,2019-05-05 20:05:00,30,68.3,42,64.4,39,60.3,111,64.0,3,0
818,2019-05-05 20:10:00,22,68.3,34,64.4,33,60.3,89,63.9,3,0
819,2019-05-05 20:15:00,29,68.2,41,64.2,38,60.2,108,63.9,3,0
820,2019-05-05 20:20:00,22,67.8,35,63.9,33,59.8,90,63.3,3,0
821,2019-05-05 20:25:00,33,68.4,44,64.5,41,60.4,118,64.1,3,0
822,2019-05-05 20:30:00,31,68.8,43,64.9,40,60.8,114,64.5,3,0
823,2019-05-05 20:35:00,27,68.7,39,64.8,37,60.7,103,64.3,3,0
824,2019-05-05 20:40:00,22,68.2,34,64.2,33,60.2,89,63.7,3,0
825,2019-05-05 20:45:00,20,68.3,33,64.4,32,60.3,85,63.8,3,0
826,2019-05-05 20:50:00,26,67.5,38,63.6,36,59.5,100,63.1,3,0
827,2019-05-05 20:55:00,24,68.0,36,64.1,35,60.0,95,63.5,3,0
828,2019-05-05 21:00:00,24,68.3,37,64.4,35,60.3,96,63.9,3,0
829,2019-05-05 21:05:00,24,68.7,36,64.8,35,60.7,95,64.3,3,0
830,2019-05-05 21:10:00,22,68.8,34,64.9,33,60.8,89,64.4,3,0
831,2019-05-05 21:15:00,20,68.7,33,64.7,32,60.6,85,64.1,3,0
832,2019-05-05 21:20:00,14,68.5,27,64.6,27,60.5,68,63.8,3,0
833,2019-05-05 21:25:00,23,68.5,35,64.5,34,60.4,92,64.0,3,0
834,2019-05-05 21:30:00,17,68.5,30,64.6,29,60.5,76,63.9,3,0
835,2019-05-05 21:35:00,18,68.6,31,64.6,30,60.5,79,64.0,3,0
836,2019-05-05 21:40:00,20,68.8,32,64.8,31,60.7,83,64.3,3,0
837,2019-05-05 21:45:00,21,68.6,33,64.7,32,60.6,86,64.1,3,0
838,2019-05-05 21:50:00,17,68.7,29,64.8,29,60.7,75,64.1,3,0
839,2019-05-05 21:55:00,21,68.4,33,64.4,32,60.3,86,63.9,3,0
840,2019-05-05 22:00:00,28,67.9,39,64.0,37,60.0,104,63.6,3,0
841,2019-05-05 22:05:00,27,68.3,39,64.4,37,60.3,103,64.0,3,0
842,2019-05-05 22:10:00,21,67.8,33,63.9,32,59.8,86,63.3,3,0
843,2019-05-05 22:15:00,22,67.6,34,63.7,32,59.7,88,63.2,3,0
844,2019-05-05 22:20:00,13,67.8,26,63.9,26,59.8,65,63.0,3,0
845,2019-05-05 22:25:00,18,68.2,31,64.3,30,60.2,79,63.7,3,0
846,2019-05-05 22:30:00,22,68.8,34,64.9,32,60.7,88,64.3,3,0
847,2019-05-05 22:35:00,19,68.5,31,64.5,30,60.4,80,63.9,3,0
848,2019-05-05 22:40:00,20,68.5,33,64.6,32,60.5,85,64.0,3,0
849,2019-05-05 22:45:00,14,68.5,27,64.6,27,60.5,68,63.8,3,0
850,2019-05-05 22:50:00,14,67.9,27,63.9,27,59.9,68,63.1,3,0
851,2019-05-05 22:55:00,15,67.9,28,64.0,28,59.9,71,63.2,3,0
852,2019-05-05 23:00:00,19,68.3,32,64.4,31,60.3,82,63.8,3,0
853,2019-05-05 23:05:00,15,67.9,28,64.0,28,59.9,71,63.2,3,0
854,2019-05-05 23:10:00,13,68.2,27,64.3,27,60.2,67,63.4,3,0
855,2019-05-05 23:15:00,18,68.0,31,64.1,30,60.0,79,63.4,3,0
856,2019-05-05 23:20:00,14,67.7,27,63.8,27,59.8,68,63.0,3,0
857,2019-05-05 23:25:00,14,67.7,27,63.8,27,59.8,68,63.0,3,0
858,2019-05-05 23:30:00,14,68.2,27,64.3,27,60.2,68,63.5,3,0
859,2019-05-05 23:35:00,18,68.3,31,64.4,30,60.3,79,63.8,3,0
860,2019-05-05 23:40:00,11,68.4,24,64.5,25,60.4,60,63.5,3,0
861,2019-05-05 23:45:00,16,68.1,28,64.2,28,60.1,72,63.4,3,0
862,2019-05-05 23:50:00,13,68.3,26,64.4,26,60.3,65,63.5,3,0
863,2019-05-05 23:55:00,15,67.7,28,63.8,28,59.8,71,63.1,3,0
864,2019-05-06 00:00:00,17,68.4,30,64.5,29,60.4,76,63.8,3,0
865,2019-05-06 00:05:00,15,68.2,28,64.3,28,60.2,71,63.5,3,0
866,2019-05-06 00:10:00,13,68.3,26,64.4,26,60.3,65,63.6,3,0
867,2019-05-06 00:15:00,12,68.2,25,64.3,25,60.2,62,63.4,3,0
868,2019-05-06 00:20:00,13,68.3,26,64.4,26,60.3,65,63.5,3,0
869,2019-05-06 00:25:00,10,68.3,23,64.4,24,60.3,57,63.4,3,0
870,2019-05-06 00:30:00,14,68.4,27,64.5,27,60.4,68,63.7,3,0
871,2019-05-06 00:35:00,10,68.2,24,64.3,24,60.2,58,63.3,3,0
872,2019-05-06 00:40:00,9,68.3,23,64.4,24,60.3,56,63.3,3,0
873,2019-05-06 00:45:00,12,68.3,25,64.4,25,60.3,62,63.5,3,0
874,2019-05-06 00:50:00,14,68.4,27,64.5,27,60.4,68,63.6,3,0
875,2019-05-06 00:55:00,10,68.3,24,64.4,24,60.3,58,63.4,3,0
876,2019-05-06 01:00:00,9,68.5,22,64.6,23,60.5,54,63.5,3,0
877,2019-05-06 01:05:00,10,68.6,24,64.7,24,60.6,58,63.7,3,0
878,2019-05-06 01:10:00,9,68.5,23,64.6,23,60.5,55,63.5,3,0
879,2019-05-06 01:15:00,7,68.1,21,64.2,22,60.1,50,62.9,3,0
880,2019-05-06 01:20:00,8,68.3,22,64.4,23,60.3,53,63.2,3,0
881,2019-05-06 01:25:00,9,68.2,22,64.3,23,60.2,54,63.2,3,0
882,2019-05-06 01:30:00,11,68.3,24,64.4,25,60.3,60,63.4,3,0
883,2019-05-06 01:35:00,11,68.2,24,64.3,25,60.2,60,63.3,3,0
884,2019-05-06 01:40:00,8,68.2,22,64.3,23,60.2,53,63.1,3,0
885,2019-05-06 01:45:00,9,68.1,23,64.2,24,60.1,56,63.0,3,0
886,2019-05-06 01:50:00,7,68.3,21,64.4,22,60.3,50,63.1,3,0
887,2019-05-06 01:55:00,8,68.4,22,64.5,23,60.4,53,63.3,3,0
888,2019-05-06 02:00:00,6,68.2,20,64.3,21,60.2,47,63.0,3,0
889,2019-05-06 02:05:00,7,68.5,21,64.5,22,60.4,50,63.3,3,0
890,2019-05-06 02:10:00,9,68.6,23,64.7,23,60.6,55,63.6,3,0
891,2019-05-06 02:15:00,10,68.4,24,64.5,24,60.4,58,63.5,3,0
892,2019-05-06 02:20:00,8,68.3,22,64.4,23,60.3,53,63.3,3,0
893,2019-05-06 02:25:00,8,68.5,22,64.6,23,60.5,53,63.4,3,0
894,2019-05-06 02:30:00,7,68.5,21,64.5,22,60.4,50,63.3,3,0
895,2019-05-06 02:35:00,6,68.4,20,64.5,21,60.4,47,63.2,3,0
896,2019-05-06 02:40:00,8,68.3,21,64.4,22,60.3,51,63.3,3,0
897,2019-05-06 02:45:00,7,68.5,21,64.6,22,60.5,50,63.3,3,0
898,2019-05-06 02:50:00,7,68.6,21,64.6,22,60.5,50,63.4,3,0
899,2019-05-06 02:55:00,8,68.3,21,64.4,22,60.3,51,63.2,3,0
900,2019-05-06 03:00:00,9,68.5,23,64.6,23,60.5,55,63.5,3,0
901,2019-05-06 03:05:00,8,68.5,22,64.6,23,60.5,53,63.4,3,0
902,2019-05-06 03:10:00,9,68.4,23,64.5,23,60.4,55,63.4,3,0
903,2019-05-06 03:15:00,9,68.4,22,64.5,23,60.4,54,63.4,3,0
904,2019-05-06 03:20:00,10,67.7,24,63.8,24,59.8,58,62.8,3,0
905,2019-05-06 03:25:00,8,67.6,22,63.7,23,59.7,53,62.6,3,0
906,2019-05-06 03:30:00,10,67.7,24,63.8,24,59.8,58,62.8,3,0
907,2019-05-06 03:35:00,10,68.2,23,64.3,24,60.2,57,63.3,3,0
908,2019-05-06 03:40:00,11,68.4,25,64.5,25,60.4,61,63.5,3,0
909,2019-05-06 03:45:00,10,68.2,23,64.3,24,60.2,57,63.3,3,0
910,2019-05-06 03:50:00,11,68.4,24,64.5,25,60.4,60,63.5,3,0
911,2019-05-06 03:55:00,9,68.6,23,64.7,24,60.6,56,63.5,3,0
912,2019-05-06 04:00:00,11,68.7,24,64.8,24,60.6,59,63.8,3,0
913,2019-05-06 04:05:00,12,68.2,25,64.3,25,60.2,62,63.4,3,0
914,2019-05-06 04:10:00,13,67.8,26,63.9,26,59.9,65,63.1,3,0
915,2019-05-06 04:15:00,10,67.9,24,64.0,24,60.0,58,63.0,3,0
916,2019-05-06 04:20:00,14,68.5,27,64.5,27,60.4,68,63.7,3,0
917,2019-05-06 04:25:00,18,67.5,31,63.6,30,59.6,79,63.0,3,0
918,2019-05-06 04:30:00,11,68.1,24,64.2,25,60.1,60,63.2,3,0
919,2019-05-06 04:35:00,12,68.2,25,64.3,26,60.2,63,63.4,3,0
920,2019-05-06 04:40:00,19,68.6,32,64.6,31,60.5,82,64.0,3,0
921,2019-05-06 04:45:00,14,68.3,27,64.4,27,60.3,68,63.5,3,0
922,2019-05-06 04:50:00,18,68.4,31,64.5,30,60.4,79,63.8,3,0
923,2019-05-06 04:55:00,17,68.7,30,64.8,29,60.7,76,64.1,3,0
924,2019-05-06 05:00:00,19,68.1,32,64.2,31,60.1,82,63.6,3,0
925,2019-05-06 05:05:00,19,67.3,32,63.4,31,59.4,82,62.8,3,0
926,2019-05-06 05:10:00,14,67.5,27,63.6,27,59.6,68,62.8,3,0
927,2019-05-06 05:15:00,25,68.9,37,65.0,35,60.8,97,64.5,3,0
928,2019-05-06 05:20:00,24,69.2,37,65.2,35,61.1,96,64.7,3,0
929,2019-05-06 05:25:00,20,68.0,33,64.1,32,60.0,85,63.5,3,0
930,2019-05-06 05:30:00,22,67.7,35,63.8,33,59.8,90,63.3,3,0
931,2019-05-06 05:35:00,19,68.2,31,64.3,31,60.2,81,63.7,3,0
932,2019-05-06 05:40:00,27,67.7,39,63.8,37,59.8,103,63.4,3,0
933,2019-05-06 05:45:00,28,68.8,40,64.8,38,60.7,106,64.4,3,0
934,2019-05-06 05:50:00,28,68.3,40,64.4,37,60.3,105,64.0,3,0
935,2019-05-06 05:55:00,30,69.4,42,65.5,39,61.3,111,65.1,3,0
936,2019-05-06 06:00:00,25,68.1,37,64.2,35,60.1,97,63.7,3,0
937,2019-05-06 06:05:00,26,67.7,38,63.8,36,59.8,100,63.4,3,0
938,2019-05-06 06:10:00,34,69.4,45,65.5,42,61.3,121,65.1,3,0
939,2019-05-06 06:15:00,24,67.2,37,63.3,35,59.3,96,62.8,3,0
940,2019-05-06 06:20:00,40,67.8,50,63.9,46,59.8,136,63.7,3,0
941,2019-05-06 06:25:00,32,68.7,44,64.8,41,60.7,117,64.4,3,0
942,2019-05-06 06:30:00,37,69.2,48,65.3,44,61.1,129,65.0,3,0
943,2019-05-06 06:35:00,36,68.2,47,64.3,44,60.2,127,63.9,3,0
944,2019-05-06 06:40:00,40,69.6,51,65.7,47,61.5,138,65.4,3,0
945,2019-05-06 06:45:00,36,70.1,47,66.1,43,61.9,126,65.8,3,0
946,2019-05-06 06:50:00,46,68.6,56,64.7,51,60.5,153,64.5,3,0
947,2019-05-06 06:55:00,41,67.2,52,63.3,47,59.3,140,63.1,3,0
948,2019-05-06 07:00:00,40,66.6,51,62.7,46,58.7,137,62.5,3,0
949,2019-05-06 07:05:00,42,67.4,53,63.5,48,59.5,143,63.3,3,0
950,2019-05-06 07:10:00,47,68.8,57,64.9,51,60.7,155,64.7,3,0
951,2019-05-06 07:15:00,52,68.4,62,64.5,56,60.4,170,64.3,3,0
952,2019-05-06 07:20:00,53,67.2,64,63.3,57,59.3,174,63.1,3,0
953,2019-05-06 07:25:00,54,67.3,63,63.3,56,59.3,173,63.3,3,0
954,2019-05-06 07:30:00,50,66.5,60,62.7,54,58.7,164,62.6,3,0
955,2019-05-06 07:35:00,51,67.7,61,63.9,55,59.8,167,63.7,3,0
956,2019-05-06 07:40:00,56,66.9,66,63.0,59,59.0,181,62.9,3,0
957,2019-05-06 07:45:00,53,68.8,62,64.9,56,60.8,171,64.8,3,0
958,2019-05-06 07:50:00,54,68.8,63,64.9,57,60.8,174,64.7,3,0
959,2019-05-06 07:55:00,45,68.1,56,64.2,50,60.2,151,64.0,3,0
960,2019-05-06 08:00:00,47,70.0,57,66.0,51,61.8,155,65.8,3,0
961,2019-05-06 08:05:00,57,68.9,66,65.1,59,60.9,182,64.9,3,0
962,2019-05-06 08:10:00,50,68.3,60,64.5,54,60.4,164,64.3,3,0
963,2019-05-06 08:15:00,60,68.6,69,64.7,62,60.6,191,64.6,3,0
964,2019-05-06 08:20:00,48,66.8,58,62.9,52,58.9,158,62.7,3,0
965,2019-05-06 08:25:00,54,66.2,64,62.3,57,58.4,175,62.2,3,0
966,2019-05-06 08:30:00,53,67.9,63,64.0,56,60.0,172,63.9,3,0
967,2019-05-06 08:35:00,54,67.7,63,63.8,56,59.8,173,63.7,3,0
968,2019-05-06 08:40:00,51,69.0,61,65.1,55,61.0,167,64.9,3,0
969,2019-05-06 08:45:00,48,67.1,59,63.3,53,59.3,160,63.1,3,0
970,2019-05-06 08:50:00,56,66.4,66,62.5,59,58.6,181,62.4,3,0
971,2019-05-06 08:55:00,42,65.9,53,62.1,48,58.2,143,61.9,3,0
972,2019-05-06 09:00:00,47,65.8,57,61.9,51,58.0,155,61.8,3,0
973,2019-05-06 09:05:00,54,68.1,64,64.2,57,60.2,175,64.1,3,0
974,2019-05-06 09:10:00,52,67.9,62,64.0,56,60.0,170,63.9,3,0
975,2019-05-06 09:15:00,45,69.3,56,65.4,50,61.2,151,65.2,3,0
976,2019-05-06 09:20:00,42,68.8,52,64.8,47,60.7,141,64.6,3,0
977,2019-05-06 09:25:00,41,69.3,52,65.4,48,61.2,141,65.1,3,0
978,2019-05-06 09:30:00,51,71.0,61,67.1,55,62.8,167,66.9,3,0
979,2019-05-06 09:35:00,45,70.9,55,66.9,50,62.6,150,66.7,3,0
980,2019-05-06 09:40:00,48,71.4,58,67.5,53,63.2,159,67.2,3,0
981,2019-05-06 09:45:00,47,67.3,58,63.5,52,59.5,157,63.3,3,0
982,2019-05-06 09:50:00,53,66.3,63,62.4,57,58.5,173,62.3,3,0
983,2019-05-06 09:55:00,46,66.1,57,62.2,52,58.3,155,62.1,3,0
984,2019-05-06 10:00:00,45,67.6,55,63.7,50,59.6,150,63.5,3,0
985,2019-05-06 10:05:00,52,67.4,62,63.5,56,59.5,170,63.4,3,0
986,2019-05-06 10:10:00,44,66.1,55,62.3,50,58.3,149,62.1,3,0
987,2019-05-06 10:15:00,45,67.1,56,63.2,51,59.2,152,63.0,3,0
988,2019-05-06 10:20:00,47,67.5,57,63.6,52,59.5,156,63.4,3,0
989,2019-05-06 10:25:00,44,66.8,55,62.8,50,58.8,149,62.7,3,0
990,2019-05-06 10:30:00,45,67.5,56,63.6,51,59.6,152,63.4,3,0
991,2019-05-06 10:35:00,50,69.7,61,65.7,55,61.6,166,65.5,3,0
992,2019-05-06 10:40:00,49,68.3,60,64.4,54,60.3,163,64.2,3,0
993,2019-05-06 10:45:00,52,68.6,62,64.7,56,60.5,170,64.5,3,0
994,2019-05-06 10:50:00,55,68.1,66,64.2,58,60.1,179,64.1,3,0
995,2019-05-06 10:55:00,51,66.3,61,62.4,55,58.5,167,62.3,3,0
996,2019-05-06 11:00:00,44,64.7,54,60.8,49,57.0,147,60.7,3,0
997,2019-05-06 11:05:00,47,65.4,58,61.4,53,57.5,158,61.3,3,0
998,2019-05-06 11:10:00,54,67.9,63,63.9,57,59.9,174,63.8,3,0
999,2019-05-06 11:15:00,49,68.9,59,64.9,53,60.7,161,64.7,3,0
1000,2019-05-06 11:20:00,53,68.6,63,64.6,56,60.5,172,64.5,3,0
1001,2019-05-06 11:25:00,40,68.2,51,64.3,46,60.2,137,64.0,3,0
1002,2019-05-06 11:30:00,43,67.1,54,63.2,49,59.2,146,63.0,3,0
1003,2019-05-06 11:35:00,51,69.0,62,65.0,55,60.9,168,64.9,3,0
1004,2019-05-06 11:40:00,44,68.7,55,64.8,50,60.7,149,64.6,3,0
1005,2019-05-06 11:45:00,50,69.1,60,65.1,54,60.9,164,65.0,3,0
1006,2019-05-06 11:50:00,52,69.8,62,65.8,56,61.6,170,65.7,3,0
1007,2019-05-06 11:55:00,47,69.1,57,65.2,52,61.0,156,65.0,3,0
1008,2019-05-06 12:00:00,51,70.0,61,66.0,55,61.8,167,65.9,3,0
1009,2019-05-06 12:05:00,53,69.9,63,66.0,57,61.8,173,65.8,3,0
1010,2019-05-06 12:10:00,51,67.5,61,63.5,55,59.5,167,63.4,3,0
1011,2019-05-06 12:15:00,49,66.4,59,62.4,53,58.5,161,62.3,3,0
1012,2019-05-06 12:20:00,48,64.2,59,60.2,53,56.4,160,60.1,3,0
1013,2019-05-06 12:25:00,53,66.3,63,62.3,57,58.3,173,62.2,3,0
1014,2019-05-06 12:30:00,48,67.4,59,63.4,54,59.4,161,63.3,3,0
1015,2019-05-06 12:35:00,47,65.6,57,61.8,51,57.9,155,61.6,3,0
1016,2019-05-06 12:40:00,48,65.4,59,61.5,53,57.7,160,61.4,3,0
1017,2019-05-06 12:45:00,48,68.2,58,64.3,52,60.2,158,64.2,3,0
1018,2019-05-06 12:50:00,49,68.0,59,64.0,53,60.0,161,63.9,3,0
1019,2019-05-06 12:55:00,46,66.8,56,62.9,51,58.9,153,62.7,3,0
1020,2019-05-06 13:00:00,45,64.1,56,60.3,51,56.5,152,60.1,3,0
1021,2019-05-06 13:05:00,45,66.7,56,62.9,50,58.9,151,62.7,3,0
1022,2019-05-06 13:10:00,52,68.0,63,64.1,56,60.0,171,63.9,3,0
1023,2019-05-06 13:15:00,44,68.7,54,64.8,49,60.6,147,64.6,3,0
1024,2019-05-06 13:20:00,39,68.3,50,64.4,46,60.3,135,64.2,3,0
1025,2019-05-06 13:25:00,56,68.7,65,64.8,58,60.7,179,64.7,3,0
1026,2019-05-06 13:30:00,50,67.7,61,63.7,54,59.7,165,63.6,3,0
1027,2019-05-06 13:35:00,46,68.5,56,64.5,51,60.4,153,64.3,3,0
1028,2019-05-06 13:40:00,52,66.7,62,62.8,56,58.8,170,62.6,3,0
1029,2019-05-06 13:45:00,49,68.2,59,64.2,53,60.1,161,64.1,3,0
1030,2019-05-06 13:50:00,50,69.8,61,65.9,54,61.7,165,65.7,3,0
1031,2019-05-06 13:55:00,48,68.7,58,64.8,52,60.7,158,64.6,3,0
1032,2019-05-06 14:00:00,47,66.5,57,62.6,51,58.6,155,62.5,3,0
1033,2019-05-06 14:05:00,49,65.2,59,61.4,53,57.6,161,61.3,3,0
1034,2019-05-06 14:10:00,51,65.1,60,61.3,54,57.5,165,61.3,3,0
1035,2019-05-06 14:15:00,55,65.4,64,61.6,58,57.7,177,61.5,3,0
1036,2019-05-06 14:20:00,57,64.6,66,60.8,59,56.9,182,60.7,3,0
1037,2019-05-06 14:25:00,54,62.8,64,58.9,57,55.2,175,58.9,3,0
1038,2019-05-06 14:30:00,65,62.7,73,58.7,65,55.0,203,58.8,3,0
1039,2019-05-06 14:35:00,59,62.7,68,58.8,60,55.1,187,58.8,3,0
1040,2019-05-06 14:40:00,59,63.7,68,59.9,60,56.1,187,59.9,3,0
1041,2019-05-06 14:45:00,53,63.2,63,59.4,57,55.6,173,59.3,3,0
1042,2019-05-06 14:50:00,53,64.0,63,60.1,57,56.3,173,60.0,3,0
1043,2019-05-06 14:55:00,56,64.1,66,60.3,59,56.5,181,60.2,3,0
1044,2019-05-06 15:00:00,55,65.2,65,61.3,58,57.4,178,61.2,3,0
1045,2019-05-06 15:05:00,59,64.7,68,60.8,61,57.0,188,60.8,3,0
1046,2019-05-06 15:10:00,51,63.9,61,60.0,55,56.3,167,60.0,3,0
1047,2019-05-06 15:15:00,61,64.4,71,60.6,63,56.8,195,60.6,3,0
1048,2019-05-06 15:20:00,49,65.2,59,61.3,53,57.5,161,61.2,3,0
1049,2019-05-06 15:25:00,57,66.4,67,62.6,59,58.6,183,62.5,3,0
1050,2019-05-06 15:30:00,49,65.9,60,62.1,54,58.2,163,61.9,3,0
1051,2019-05-06 15:35:00,59,66.6,68,62.8,61,58.8,188,62.7,3,0
1052,2019-05-06 15:40:00,51,65.5,62,61.6,55,57.7,168,61.5,3,0
1053,2019-05-06 15:45:00,57,65.8,67,62.0,59,58.1,183,61.9,3,0
1054,2019-05-06 15:50:00,55,67.8,65,63.9,58,59.9,178,63.8,3,0
1055,2019-05-06 15:55:00,52,67.6,62,63.7,56,59.7,170,63.5,3,0
1056,2019-05-06 16:00:00,50,68.1,60,64.2,54,60.1,164,64.0,3,0
1057,2019-05-06 16:05:00,59,66.4,68,62.5,61,58.5,188,62.4,3,0
1058,2019-05-06 16:10:00,54,68.4,63,64.5,57,60.4,174,64.3,3,0
1059,2019-05-06 16:15:00,46,68.7,57,64.8,51,60.7,154,64.6,3,0
1060,2019-05-06 16:20:00,54,68.3,63,64.4,57,60.3,174,64.3,3,0
1061,2019-05-06 16:25:00,50,67.8,60,64.0,54,59.9,164,63.8,3,0
1062,2019-05-06 16:30:00,57,68.7,66,64.8,59,60.7,182,64.7,3,0
1063,2019-05-06 16:35:00,54,68.8,64,64.9,57,60.8,175,64.8,3,0
1064,2019-05-06 16:40:00,60,69.6,69,65.7,61,61.5,190,65.6,3,0
1065,2019-05-06 16:45:00,53,67.0,63,63.1,57,59.1,173,63.0,3,0
1066,2019-05-06 16:50:00,47,67.8,57,63.8,51,59.8,155,63.7,3,0
1067,2019-05-06 16:55:00,56,68.4,66,64.5,59,60.4,181,64.4,3,0
1068,2019-05-06 17:00:00,48,67.7,59,63.8,53,59.8,160,63.7,3,0
1069,2019-05-06 17:05:00,55,68.9,65,65.0,58,60.9,178,64.9,3,0
1070,2019-05-06 17:10:00,60,66.3,69,62.3,61,58.4,190,62.3,3,0
1071,2019-05-06 17:15:00,57,67.7,66,63.7,59,59.7,182,63.7,3,0
1072,2019-05-06 17:20:00,51,67.9,61,64.0,55,59.9,167,63.8,3,0
1073,2019-05-06 17:25:00,49,68.2,59,64.3,53,60.3,161,64.2,3,0
1074,2019-05-06 17:30:00,50,67.3,60,63.5,54,59.4,164,63.3,3,0
1075,2019-05-06 17:35:00,51,68.0,61,64.1,55,60.1,167,64.0,3,0
1076,2019-05-06 17:40:00,46,68.5,56,64.6,51,60.5,153,64.4,3,0
1077,2019-05-06 17:45:00,48,69.4,59,65.5,53,61.3,160,65.3,3,0
1078,2019-05-06 17:50:00,48,69.5,58,65.6,52,61.4,158,65.4,3,0
1079,2019-05-06 17:55:00,46,68.9,57,65.0,51,60.9,154,64.8,3,0
1080,2019-05-06 18:00:00,41,68.0,52,64.1,47,60.0,140,63.8,3,0
1081,2019-05-06 18:05:00,38,67.8,50,63.9,46,59.9,134,63.6,3,0
1082,2019-05-06 18:10:00,41,67.9,52,64.0,47,60.0,140,63.8,3,0
1083,2019-05-06 18:15:00,51,66.8,62,62.9,55,58.9,168,62.8,3,0
1084,2019-05-06 18:20:00,42,67.0,53,63.0,48,59.0,143,62.9,3,0
1085,2019-05-06 18:25:00,45,67.6,55,63.7,50,59.7,150,63.6,3,0
1086,2019-05-06 18:30:00,39,67.5,50,63.5,46,59.5,135,63.3,3,0
1087,2019-05-06 18:35:00,36,68.1,47,64.1,43,60.1,126,63.9,3,0
1088,2019-05-06 18:40:00,40,67.3,51,63.3,47,59.3,138,63.1,3,0
1089,2019-05-06 18:45:00,40,66.4,51,62.5,46,58.6,137,62.4,3,0
1090,2019-05-06 18:50:00,43,68.0,53,64.1,49,60.0,145,63.9,3,0
1091,2019-05-06 18:55:00,30,68.1,41,64.1,39,60.1,110,63.8,3,0
1092,2019-05-06 19:00:00,40,65.4,51,61.5,47,57.6,138,61.3,3,0
1093,2019-05-06 19:05:00,34,66.5,45,62.6,42,58.7,121,62.3,3,0
1094,2019-05-06 19:10:00,37,68.1,47,64.2,44,60.1,128,63.9,3,0
1095,2019-05-06 19:15:00,32,68.8,44,64.9,41,60.8,117,64.5,3,0
1096,2019-05-06 19:20:00,36,68.5,47,64.6,44,60.5,127,64.3,3,0
1097,2019-05-06 19:25:00,34,67.7,45,63.8,41,59.8,120,63.6,3,0
1098,2019-05-06 19:30:00,30,67.5,41,63.6,39,59.6,110,63.3,3,0
1099,2019-05-06 19:35:00,33,68.7,44,64.8,41,60.7,118,64.5,3,0
1100,2019-05-06 19:40:00,28,67.9,40,63.9,38,59.9,106,63.5,3,0
1101,2019-05-06 19:45:00,32,67.3,43,63.4,40,59.4,115,63.1,3,0
1102,2019-05-06 19:50:00,28,68.1,39,64.2,37,60.1,104,63.8,3,0
1103,2019-05-06 19:55:00,33,69.2,44,65.3,41,61.1,118,65.0,3,0
1104,2019-05-06 20:00:00,29,69.3,41,65.4,38,61.2,108,65.0,3,0
1105,2019-05-06 20:05:00,30,68.6,42,64.7,39,60.5,111,64.3,3,0
1106,2019-05-06 20:10:00,29,68.7,40,64.8,38,60.7,107,64.4,3,0
1107,2019-05-06 20:15:00,30,68.8,42,64.9,39,60.7,111,64.5,3,0
1108,2019-05-06 20:20:00,30,68.8,42,64.9,39,60.8,111,64.5,3,0
1109,2019-05-06 20:25:00,27,69.0,39,65.1,37,60.9,103,64.6,3,0
1110,2019-05-06 20:30:00,29,68.8,41,64.9,38,60.8,108,64.5,3,0
1111,2019-05-06 20:35:00,26,68.9,38,65.0,36,60.8,100,64.5,3,0
1112,2019-05-06 20:40:00,24,68.6,36,64.6,34,60.5,94,64.2,3,0
1113,2019-05-06 20:45:00,24,67.3,37,63.4,35,59.4,96,62.9,3,0
1114,2019-05-06 20:50:00,22,67.4,34,63.5,33,59.5,89,63.0,3,0
1115,2019-05-06 20:55:00,24,68.3,36,64.4,34,60.3,94,63.9,3,0
1116,2019-05-06 21:00:00,24,68.4,36,64.5,35,60.4,95,64.0,3,0
1117,2019-05-06 21:05:00,26,68.0,38,64.1,36,60.0,100,63.7,3,0
1118,2019-05-06 21:10:00,24,68.1,37,64.2,35,60.1,96,63.7,3,0
1119,2019-05-06 21:15:00,20,68.6,32,64.6,31,60.5,83,64.1,3,0
1120,2019-05-06 21:20:00,21,68.8,33,64.9,32,60.8,86,64.3,3,0
1121,2019-05-06 21:25:00,17,68.7,30,64.8,29,60.7,76,64.1,3,0
1122,2019-05-06 21:30:00,22,68.8,34,64.8,33,60.7,89,64.3,3,0
1123,2019-05-06 21:35:00,17,68.4,29,64.5,29,60.4,75,63.8,3,0
1124,2019-05-06 21:40:00,21,67.7,34,63.8,32,59.8,87,63.3,3,0
1125,2019-05-06 21:45:00,22,68.4,35,64.5,33,60.4,90,64.0,3,0
1126,2019-05-06 21:50:00,25,67.4,37,63.5,35,59.5,97,63.1,3,0
1127,2019-05-06 21:55:00,21,67.9,34,64.0,33,60.0,88,63.4,3,0
1128,2019-05-06 22:00:00,22,67.9,35,64.0,33,59.9,90,63.4,3,0
1129,2019-05-06 22:05:00,17,68.4,30,64.5,29,60.4,76,63.8,3,0
1130,2019-05-06 22:10:00,17,68.3,30,64.4,29,60.3,76,63.7,3,0
1131,2019-05-06 22:15:00,15,68.3,29,64.4,28,60.3,72,63.6,3,0
1132,2019-05-06 22:20:00,12,68.5,25,64.6,26,60.5,63,63.6,3,0
1133,2019-05-06 22:25:00,20,68.9,33,65.0,32,60.8,85,64.3,3,0
1134,2019-05-06 22:30:00,15,68.7,28,64.8,27,60.6,70,64.0,3,0
1135,2019-05-06 22:35:00,16,68.5,29,64.5,28,60.4,73,63.8,3,0
1136,2019-05-06 22:40:00,17,68.8,30,64.9,29,60.7,76,64.2,3,0
1137,2019-05-06 22:45:00,15,68.6,28,64.6,28,60.5,71,63.9,3,0
1138,2019-05-06 22:50:00,12,67.5,25,63.6,25,59.5,62,62.7,3,0
1139,2019-05-06 22:55:00,16,67.6,29,63.7,29,59.7,74,63.0,3,0
1140,2019-05-06 23:00:00,13,68.0,26,64.0,26,60.0,65,63.2,3,0
1141,2019-05-06 23:05:00,16,68.1,28,64.2,28,60.1,72,63.5,3,0
1142,2019-05-06 23:10:00,15,68.1,28,64.2,27,60.1,70,63.5,3,0
1143,2019-05-06 23:15:00,11,68.3,25,64.4,25,60.3,61,63.4,3,0
1144,2019-05-06 23:20:00,12,68.4,25,64.5,25,60.4,62,63.6,3,0
1145,2019-05-06 23:25:00,16,68.6,29,64.7,28,60.6,73,64.0,3,0
1146,2019-05-06 23:30:00,15,68.8,27,64.9,27,60.8,69,64.1,3,0
1147,2019-05-06 23:35:00,15,68.6,29,64.7,28,60.6,72,63.9,3,0
1148,2019-05-06 23:40:00,17,68.5,30,64.6,29,60.5,76,63.9,3,0
1149,2019-05-06 23:45:00,13,68.6,26,64.6,26,60.5,65,63.8,3,0
1150,2019-05-06 23:50:00,11,68.3,24,64.4,25,60.3,60,63.4,3,0
1151,2019-05-06 23:55:00,12,68.5,25,64.5,25,60.4,62,63.6,3,0
1152,2019-05-07 00:00:00,16,68.4,29,64.5,29,60.4,74,63.7,3,0
1153,2019-05-07 00:05:00,16,68.3,29,64.4,29,60.3,74,63.7,3,0
1154,2019-05-07 00:10:00,12,68.5,25,64.6,26,60.5,63,63.7,3,0
1155,2019-05-07 00:15:00,13,68.6,26,64.7,26,60.6,65,63.9,3,0
1156,2019-05-07 00:20:00,13,68.6,27,64.7,27,60.6,67,63.8,3,0
1157,2019-05-07 00:25:00,13,68.5,27,64.5,27,60.4,67,63.6,3,0
1158,2019-05-07 00:30:00,9,68.5,22,64.5,23,60.4,54,63.4,3,0
1159,2019-05-07 00:35:00,9,68.5,22,64.6,23,60.5,54,63.5,3,0
1160,2019-05-07 00:40:00,10,68.6,23,64.6,24,60.5,57,63.6,3,0
1161,2019-05-07 00:45:00,9,68.6,23,64.6,24,60.5,56,63.5,3,0
1162,2019-05-07 00:50:00,12,67.9,25,64.0,25,59.9,62,63.1,3,0
1163,2019-05-07 00:55:00,10,68.0,23,64.1,24,60.1,57,63.1,3,0
1164,2019-05-07 01:00:00,10,68.0,24,64.1,24,60.0,58,63.1,3,0
1165,2019-05-07 01:05:00,11,68.5,24,64.6,25,60.5,60,63.6,3,0
1166,2019-05-07 01:10:00,11,67.7,24,63.8,25,59.8,60,62.9,3,0
1167,2019-05-07 01:15:00,9,68.1,22,64.2,23,60.1,54,63.1,3,0
1168,2019-05-07 01:20:00,10,68.4,23,64.5,24,60.4,57,63.4,3,0
1169,2019-05-07 01:25:00,8,68.5,22,64.5,23,60.4,53,63.3,3,0
1170,2019-05-07 01:30:00,10,68.7,24,64.7,24,60.6,58,63.7,3,0
1171,2019-05-07 01:35:00,10,68.5,24,64.6,24,60.5,58,63.6,3,0
1172,2019-05-07 01:40:00,9,68.5,22,64.6,23,60.5,54,63.5,3,0
1173,2019-05-07 01:45:00,10,68.3,24,64.4,24,60.3,58,63.4,3,0
1174,2019-05-07 01:50:00,9,68.5,22,64.6,23,60.5,54,63.5,3,0
1175,2019-05-07 01:55:00,10,68.4,23,64.5,24,60.4,57,63.4,3,0
1176,2019-05-07 02:00:00,8,68.5,21,64.6,22,60.5,51,63.4,3,0
1177,2019-05-07 02:05:00,8,68.7,21,64.7,22,60.6,51,63.6,3,0
1178,2019-05-07 02:10:00,8,67.8,22,63.9,23,59.8,53,62.7,3,0
1179,2019-05-07 02:15:00,7,68.1,21,64.2,22,60.1,50,63.0,3,0
1180,2019-05-07 02:20:00,10,68.1,23,64.2,24,60.1,57,63.2,3,0
1181,2019-05-07 02:25:00,7,68.1,21,64.2,22,60.1,50,62.9,3,0
1182,2019-05-07 02:30:00,8,68.2,22,64.3,23,60.2,53,63.1,3,0
1183,2019-05-07 02:35:00,8,68.4,21,64.4,22,60.3,51,63.3,3,0
1184,2019-05-07 02:40:00,10,68.6,24,64.7,24,60.6,58,63.6,3,0
1185,2019-05-07 02:45:00,10,68.5,23,64.6,24,60.5,57,63.6,3,0
1186,2019-05-07 02:50:00,9,68.5,23,64.6,23,60.5,55,63.5,3,0
1187,2019-05-07 02:55:00,9,68.5,22,64.5,23,60.4,54,63.4,3,0
1188,2019-05-07 03:00:00,8,68.7,21,64.8,22,60.7,51,63.6,3,0
1189,2019-05-07 03:05:00,7,68.7,21,64.8,22,60.7,50,63.6,3,0
1190,2019-05-07 03:10:00,8,68.6,22,64.7,23,60.6,53,63.5,3,0
1191,2019-05-07 03:15:00,8,68.5,22,64.5,23,60.4,53,63.4,3,0
1192,2019-05-07 03:20:00,10,68.6,24,64.7,24,60.5,58,63.6,3,0
1193,2019-05-07 03:25:00,12,68.7,25,64.8,25,60.7,62,63.9,3,0
1194,2019-05-07 03:30:00,11,68.2,24,64.3,25,60.2,60,63.3,3,0
1195,2019-05-07 03:35:00,12,68.3,25,64.4,25,60.3,62,63.5,3,0
1196,2019-05-07 03:40:00,12,68.6,25,64.7,25,60.6,62,63.8,3,0
1197,2019-05-07 03:45:00,10,68.2,23,64.3,24,60.2,57,63.2,3,0
1198,2019-05-07 03:50:00,12,67.9,25,64.0,26,59.9,63,63.0,3,0
1199,2019-05-07 03:55:00,11,68.1,25,64.2,25,60.1,61,63.2,3,0
1200,2019-05-07 04:00:00,11,68.1,24,64.2,25,60.1,60,63.2,3,0
1201,2019-05-07 04:05:00,12,68.0,25,64.1,25,60.1,62,63.2,3,0
1202,2019-05-07 04:10:00,13,68.1,26,64.2,26,60.1,65,63.3,3,0
1203,2019-05-07 04:15:00,12,68.0,25,64.1,26,60.0,63,63.1,3,0
1204,2019-05-07 04:20:00,15,68.2,28,64.3,28,60.2,71,63.5,3,0
1205,2019-05-07 04:25:00,10,68.2,24,64.3,24,60.2,58,63.2,3,0
1206,2019-05-07 04:30:00,14,67.7,27,63.8,27,59.7,68,63.0,3,0
1207,2019-05-07 04:35:00,16,67.7,29,63.8,29,59.7,74,63.1,3,0
1208,2019-05-07 04:40:00,14,68.0,27,64.0,27,60.0,68,63.2,3,0
1209,2019-05-07 04:45:00,16,68.2,29,64.3,28,60.2,73,63.6,3,0
1210,2019-05-07 04:50:00,17,68.6,30,64.7,29,60.6,76,64.0,3,0
1211,2019-05-07 04:55:00,13,68.5,26,64.6,26,60.5,65,63.7,3,0
1212,2019-05-07 05:00:00,22,67.0,34,63.1,32,59.1,88,62.7,3,0
1213,2019-05-07 05:05:00,19,68.1,32,64.2,31,60.1,82,63.6,3,0
1214,2019-05-07 05:10:00,20,67.9,32,64.0,31,59.9,83,63.4,3,0
1215,2019-05-07 05:15:00,18,67.5,31,63.6,30,59.5,79,62.9,3,0
1216,2019-05-07 05:20:00,24,67.6,36,63.7,34,59.6,94,63.2,3,0
1217,2019-05-07 05:25:00,23,68.3,35,64.4,34,60.3,92,63.9,3,0
1218,2019-05-07 05:30:00,23,68.2,35,64.3,34,60.2,92,63.7,3,0
1219,2019-05-07 05:35:00,22,67.6,35,63.7,33,59.6,90,63.1,3,0
1220,2019-05-07 05:40:00,25,67.7,37,63.9,35,59.8,97,63.4,3,0
1221,2019-05-07 05:45:00,31,67.8,42,63.9,40,59.8,113,63.5,3,0
1222,2019-05-07 05:50:00,27,66.9,39,63.0,37,59.0,103,62.6,3,0
1223,2019-05-07 05:55:00,26,66.5,38,62.7,36,58.7,100,62.2,3,0
1224,2019-05-07 06:00:00,29,67.6,41,63.8,38,59.7,108,63.4,3,0
1225,2019-05-07 06:05:00,25,67.4,37,63.5,35,59.5,97,63.1,3,0
1226,2019-05-07 06:10:00,33,67.4,44,63.5,41,59.4,118,63.2,3,0
1227,2019-05-07 06:15:00,32,68.6,43,64.6,40,60.5,115,64.3,3,0
1228,2019-05-07 06:20:00,31,67.1,42,63.2,39,59.2,112,62.9,3,0
1229,2019-05-07 06:25:00,34,67.6,45,63.7,42,59.7,121,63.4,3,0
1230,2019-05-07 06:30:00,36,64.7,47,60.8,44,57.0,127,60.6,3,0
1231,2019-05-07 06:35:00,37,67.0,48,63.0,44,59.0,129,62.8,3,0
1232,2019-05-07 06:40:00,39,67.6,50,63.7,46,59.6,135,63.4,3,0
1233,2019-05-07 06:45:00,40,69.3,50,65.3,46,61.2,136,65.1,3,0
1234,2019-05-07 06:50:00,37,67.7,48,63.8,44,59.8,129,63.5,3,0
1235,2019-05-07 06:55:00,39,68.1,49,64.2,45,60.1,133,63.9,3,0
1236,2019-05-07 07:00:00,46,67.1,56,63.2,50,59.2,152,63.1,3,0
1237,2019-05-07 07:05:00,43,65.7,54,61.8,49,57.9,146,61.6,3,0
1238,2019-05-07 07:10:00,50,65.8,60,61.9,54,58.0,164,61.8,3,0
1239,2019-05-07 07:15:00,51,66.7,61,62.8,55,58.8,167,62.7,3,0
1240,2019-05-07 07:20:00,60,68.2,71,64.4,63,60.3,194,64.2,3,0
1241,2019-05-07 07:25:00,52,68.1,62,64.2,55,60.1,169,64.1,3,0
1242,2019-05-07 07:30:00,61,67.7,71,63.8,63,59.8,195,63.7,3,0
1243,2019-05-07 07:35:00,52,67.8,61,63.9,55,59.8,168,63.8,3,0
1244,2019-05-07 07:40:00,56,69.1,65,65.2,58,61.0,179,65.0,3,0
1245,2019-05-07 07:45:00,61,67.4,70,63.4,62,59.4,193,63.4,3,0
1246,2019-05-07 07:50:00,53,68.2,63,64.3,56,60.2,172,64.2,3,0
1247,2019-05-07 07:55:00,53,64.5,62,60.7,56,56.9,171,60.6,3,0
1248,2019-05-07 08:00:00,52,64.2,61,60.4,55,56.6,168,60.3,3,0
1249,2019-05-07 08:05:00,55,65.1,65,61.3,58,57.4,178,61.2,3,0
1250,2019-05-07 08:10:00,49,65.4,59,61.5,53,57.6,161,61.4,3,0
1251,2019-05-07 08:15:00,54,67.9,63,64.0,57,59.9,174,63.9,3,0
1252,2019-05-07 08:20:00,54,67.2,63,63.3,57,59.3,174,63.2,3,0
1253,2019-05-07 08:25:00,50,66.9,60,63.0,54,59.0,164,62.8,3,0
1254,2019-05-07 08:30:00,48,65.6,58,61.8,52,57.9,158,61.7,3,0
1255,2019-05-07 08:35:00,50,66.0,60,62.1,54,58.2,164,62.0,3,0
1256,2019-05-07 08:40:00,56,65.7,66,61.8,59,57.9,181,61.7,3,0
1257,2019-05-07 08:45:00,42,66.5,53,62.6,48,58.6,143,62.4,3,0
1258,2019-05-07 08:50:00,55,67.3,65,63.4,58,59.3,178,63.3,3,0
1259,2019-05-07 08:55:00,46,69.2,56,65.2,51,61.1,153,65.0,3,0
1260,2019-05-07 09:00:00,48,65.1,58,61.2,53,57.4,159,61.1,3,0
1261,2019-05-07 09:05:00,48,63.4,58,59.6,53,55.9,159,59.5,3,0
1262,2019-05-07 09:10:00,45,62.9,56,59.1,51,55.4,152,59.0,3,0
1263,2019-05-07 09:15:00,52,64.5,62,60.7,55,56.9,169,60.6,3,0
1264,2019-05-07 09:20:00,58,63.6,68,59.7,60,56.0,186,59.7,3,0
1265,2019-05-07 09:25:00,48,63.0,58,59.1,53,55.4,159,59.1,3,0
1266,2019-05-07 09:30:00,50,64.6,61,60.8,55,56.9,166,60.6,3,0
1267,2019-05-07 09:35:00,45,64.3,55,60.5,50,56.7,150,60.4,3,0
1268,2019-05-07 09:40:00,47,64.5,58,60.7,52,56.9,157,60.5,3,0
1269,2019-05-07 09:45:00,53,64.3,63,60.5,57,56.7,173,60.4,3,0
1270,2019-05-07 09:50:00,45,63.0,56,59.2,51,55.4,152,59.0,3,0
1271,2019-05-07 09:55:00,43,63.8,55,60.0,50,56.2,148,59.8,3,0
1272,2019-05-07 10:00:00,42,65.1,53,61.3,48,57.4,143,61.1,3,0
1273,2019-05-07 10:05:00,46,62.9,57,59.1,52,55.4,155,59.0,3,0
1274,2019-05-07 10:10:00,50,63.7,60,59.9,54,56.2,164,59.8,3,0
1275,2019-05-07 10:15:00,47,64.1,57,60.3,52,56.6,156,60.2,3,0
1276,2019-05-07 10:20:00,41,64.3,52,60.4,47,56.6,140,60.3,3,0
1277,2019-05-07 10:25:00,56,63.1,66,59.2,59,55.5,181,59.2,3,0
1278,2019-05-07 10:30:00,47,62.6,57,58.7,52,55.0,156,58.6,3,0
1279,2019-05-07 10:35:00,44,62.8,55,58.9,50,55.2,149,58.8,3,0
1280,2019-05-07 10:40:00,54,62.9,64,59.1,57,55.4,175,59.0,3,0
1281,2019-05-07 10:45:00,55,64.2,65,60.4,58,56.6,178,60.3,3,0
1282,2019-05-07 10:50:00,47,62.9,58,59.0,52,55.3,157,58.9,3,0
1283,2019-05-07 10:55:00,42,64.2,53,60.3,48,56.6,143,60.2,3,0
1284,2019-05-07 11:00:00,47,64.5,57,60.8,52,56.9,156,60.6,3,0
1285,2019-05-07 11:05:00,44,64.6,55,60.9,50,57.0,149,60.7,3,0
1286,2019-05-07 11:10:00,43,62.1,55,58.2,49,54.5,147,58.1,3,0
1287,2019-05-07 11:15:00,52,63.7,62,59.9,55,56.1,169,59.8,3,0
1288,2019-05-07 11:20:00,42,65.2,52,61.3,47,57.5,141,61.2,3,0
1289,2019-05-07 11:25:00,46,63.1,57,59.2,52,55.5,155,59.1,3,0
1290,2019-05-07 11:30:00,48,63.9,58,60.1,53,56.3,159,60.0,3,0
1291,2019-05-07 11:35:00,50,64.3,59,60.5,54,56.7,163,60.4,3,0
1292,2019-05-07 11:40:00,49,65.7,59,61.9,54,58.0,162,61.8,3,0
1293,2019-05-07 11:45:00,50,66.1,61,62.3,54,58.3,165,62.1,3,0
1294,2019-05-07 11:50:00,45,64.5,56,60.7,51,56.9,152,60.6,3,0
1295,2019-05-07 11:55:00,51,66.4,62,62.6,56,58.7,169,62.5,3,0
1296,2019-05-07 12:00:00,43,64.7,54,60.9,49,57.1,146,60.8,3,0
1297,2019-05-07 12:05:00,54,64.3,64,60.4,57,56.6,175,60.4,3,0
1298,2019-05-07 12:10:00,52,65.2,63,61.3,56,57.4,171,61.2,3,0
1299,2019-05-07 12:15:00,54,65.7,63,61.8,57,57.9,174,61.8,3,0
1300,2019-05-07 12:20:00,46,66.0,56,62.1,51,58.2,153,62.0,3,0
1301,2019-05-07 12:25:00,46,63.0,57,59.2,51,55.4,154,59.1,3,0
1302,2019-05-07 12:30:00,51,63.1,61,59.2,55,55.5,167,59.2,3,0
1303,2019-05-07 12:35:00,56,64.4,66,60.6,59,56.8,181,60.6,3,0
1304,2019-05-07 12:40:00,47,65.4,58,61.5,52,57.7,157,61.4,3,0
1305,2019-05-07 12:45:00,51,64.7,61,60.8,55,56.9,167,60.7,3,0
1306,2019-05-07 12:50:00,49,65.4,59,61.6,53,57.7,161,61.5,3,0
1307,2019-05-07 12:55:00,45,64.0,56,60.2,51,56.4,152,60.0,3,0
1308,2019-05-07 13:00:00,51,64.8,62,61.1,55,57.2,168,61.0,3,0
1309,2019-05-07 13:05:00,46,64.5,56,60.8,51,56.9,153,60.6,3,0
1310,2019-05-07 13:10:00,60,63.4,70,59.6,62,55.8,192,59.6,3,0
1311,2019-05-07 13:15:00,49,65.3,59,61.4,53,57.6,161,61.3,3,0
1312,2019-05-07 13:20:00,49,64.8,59,61.0,53,57.2,161,60.9,3,0
1313,2019-05-07 13:25:00,47,65.5,57,61.7,52,57.8,156,61.6,3,0
1314,2019-05-07 13:30:00,50,64.3,60,60.5,54,56.8,164,60.5,3,0
1315,2019-05-07 13:35:00,48,65.7,59,62.0,53,58.1,160,61.8,3,0
1316,2019-05-07 13:40:00,58,65.0,68,61.2,60,57.4,186,61.2,3,0
1317,2019-05-07 13:45:00,46,63.4,57,59.7,52,55.9,155,59.5,3,0
1318,2019-05-07 13:50:00,50,64.4,61,60.6,55,56.8,166,60.5,3,0
1319,2019-05-07 13:55:00,44,64.3,55,60.6,50,56.8,149,60.4,3,0
1320,2019-05-07 14:00:00,54,64.8,64,61.0,57,57.1,175,60.9,3,0
1321,2019-05-07 14:05:00,50,65.6,60,61.8,54,57.9,164,61.7,3,0
1322,2019-05-07 14:10:00,58,65.9,68,62.1,61,58.2,187,62.0,3,0
1323,2019-05-07 14:15:00,50,65.3,60,61.5,54,57.6,164,61.4,3,0
1324,2019-05-07 14:20:00,50,63.7,60,59.9,54,56.1,164,59.8,3,0
1325,2019-05-07 14:25:00,57,65.7,67,61.9,59,58.0,183,61.9,3,0
1326,2019-05-07 14:30:00,50,65.3,60,61.5,54,57.7,164,61.4,3,0
1327,2019-05-07 14:35:00,42,62.8,53,59.1,49,55.4,144,58.9,3,0
1328,2019-05-07 14:40:00,50,62.6,60,58.8,54,55.1,164,58.7,3,0
1329,2019-05-07 14:45:00,56,62.8,66,59.1,59,55.4,181,59.0,3,0
1330,2019-05-07 14:50:00,51,64.1,60,60.3,54,56.5,165,60.2,3,0
1331,2019-05-07 14:55:00,55,63.8,65,60.0,58,56.3,178,60.0,3,0
1332,2019-05-07 15:00:00,57,64.8,67,61.0,59,57.1,183,60.9,3,0
1333,2019-05-07 15:05:00,58,64.8,67,60.9,60,57.1,185,60.9,3,0
1334,2019-05-07 15:10:00,63,65.5,72,61.6,64,57.7,199,61.6,3,0
1335,2019-05-07 15:15:00,59,65.4,68,61.5,60,57.6,187,61.5,3,0
1336,2019-05-07 15:20:00,56,63.3,66,59.4,59,55.7,181,59.4,3,0
1337,2019-05-07 15:25:00,59,65.1,68,61.2,61,57.4,188,61.2,3,0
1338,2019-05-07 15:30:00,58,64.9,68,61.1,61,57.2,187,61.0,3,0
1339,2019-05-07 15:35:00,50,65.1,61,61.3,54,57.4,165,61.2,3,0
1340,2019-05-07 15:40:00,60,65.8,70,62.0,62,58.1,192,61.9,3,0
1341,2019-05-07 15:45:00,55,66.1,65,62.3,58,58.3,178,62.2,3,0
1342,2019-05-07 15:50:00,59,66.0,69,62.2,61,58.3,189,62.1,3,0
1343,2019-05-07 15:55:00,48,65.3,58,61.5,53,57.6,159,61.3,3,0
1344,2019-05-07 16:00:00,57,64.0,67,60.1,60,56.3,184,60.1,3,0
1345,2019-05-07 16:05:00,49,64.3,60,60.5,54,56.7,163,60.4,3,0
1346,2019-05-07 16:10:00,41,65.8,52,61.9,47,58.0,140,61.7,3,0
1347,2019-05-07 16:15:00,59,66.4,68,62.5,60,58.6,187,62.5,3,0
1348,2019-05-07 16:20:00,52,67.5,62,63.7,56,59.6,170,63.5,3,0
1349,2019-05-07 16:25:00,47,68.0,58,64.1,52,60.1,157,63.9,3,0
1350,2019-05-07 16:30:00,55,66.8,66,62.9,59,59.0,180,62.8,3,0
1351,2019-05-07 16:35:00,49,66.3,60,62.4,54,58.4,163,62.3,3,0
1352,2019-05-07 16:40:00,54,66.4,64,62.5,57,58.5,175,62.4,3,0
1353,2019-05-07 16:45:00,52,66.5,63,62.6,56,58.6,171,62.5,3,0
1354,2019-05-07 16:50:00,49,67.2,59,63.4,53,59.3,161,63.2,3,0
1355,2019-05-07 16:55:00,48,66.7,59,62.8,53,58.8,160,62.6,3,0
1356,2019-05-07 17:00:00,52,65.4,63,61.5,56,57.6,171,61.4,3,0
1357,2019-05-07 17:05:00,48,66.4,58,62.5,53,58.5,159,62.3,3,0
1358,2019-05-07 17:10:00,48,66.3,59,62.4,53,58.5,160,62.3,3,0
1359,2019-05-07 17:15:00,41,66.8,51,62.9,47,58.9,139,62.7,3,0
1360,2019-05-07 17:20:00,41,66.2,52,62.3,47,58.4,140,62.1,3,0
1361,2019-05-07 17:25:00,44,66.3,55,62.4,50,58.5,149,62.2,3,0
1362,2019-05-07 17:30:00,37,65.6,48,61.8,44,57.9,129,61.6,3,0
1363,2019-05-07 17:35:00,45,66.8,56,62.9,50,59.0,151,62.8,3,0
1364,2019-05-07 17:40:00,41,66.7,52,62.9,47,58.9,140,62.7,3,0
1365,2019-05-07 17:45:00,39,66.3,50,62.4,46,58.5,135,62.2,3,0
1366,2019-05-07 17:50:00,40,66.0,51,62.2,47,58.2,138,62.0,3,0
1367,2019-05-07 17:55:00,45,67.1,55,63.3,50,59.3,150,63.1,3,0
1368,2019-05-07 18:00:00,48,67.2,58,63.4,53,59.4,159,63.2,3,0
1369,2019-05-07 18:05:00,41,68.8,51,64.9,47,60.8,139,64.7,3,0
1370,2019-05-07 18:10:00,43,68.7,53,64.8,49,60.7,145,64.6,3,0
1371,2019-05-07 18:15:00,40,68.1,51,64.1,46,60.1,137,63.9,3,0
1372,2019-05-07 18:20:00,39,67.8,50,63.9,46,59.8,135,63.6,3,0
1373,2019-05-07 18:25:00,41,68.5,52,64.6,47,60.5,140,64.4,3,0
1374,2019-05-07 18:30:00,41,69.6,52,65.7,47,61.5,140,65.4,3,0
1375,2019-05-07 18:35:00,46,68.8,56,64.8,51,60.7,153,64.6,3,0
1376,2019-05-07 18:40:00,38,67.4,49,63.5,45,59.5,132,63.3,3,0
1377,2019-05-07 18:45:00,46,67.7,57,63.8,52,59.8,155,63.6,3,0
1378,2019-05-07 18:50:00,39,66.1,49,62.3,45,58.3,133,62.1,3,0
1379,2019-05-07 18:55:00,33,67.8,44,63.9,41,59.9,118,63.6,3,0
1380,2019-05-07 19:00:00,39,68.3,51,64.4,46,60.3,136,64.1,3,0
1381,2019-05-07 19:05:00,43,68.9,54,65.0,49,60.8,146,64.8,3,0
1382,2019-05-07 19:10:00,34,69.1,45,65.2,42,61.0,121,64.9,3,0
1383,2019-05-07 19:15:00,37,68.9,48,65.0,44,60.8,129,64.7,3,0
1384,2019-05-07 19:20:00,40,68.8,51,64.9,47,60.8,138,64.7,3,0
1385,2019-05-07 19:25:00,40,67.6,51,63.7,47,59.6,138,63.4,3,0
1386,2019-05-07 19:30:00,34,67.6,45,63.7,42,59.7,121,63.4,3,0
1387,2019-05-07 19:35:00,40,67.1,51,63.2,47,59.2,138,63.0,3,0
1388,2019-05-07 19:40:00,42,67.6,52,63.7,48,59.7,142,63.5,3,0
1389,2019-05-07 19:45:00,37,68.0,47,64.1,44,60.0,128,63.8,3,0
1390,2019-05-07 19:50:00,34,67.5,46,63.6,42,59.5,122,63.3,3,0
1391,2019-05-07 19:55:00,32,68.5,44,64.6,40,60.5,116,64.2,3,0
1392,2019-05-07 20:00:00,34,68.1,46,64.2,42,60.1,122,63.9,3,0
1393,2019-05-07 20:05:00,27,68.5,38,64.6,36,60.4,101,64.1,3,0
1394,2019-05-07 20:10:00,25,66.8,36,62.9,35,58.9,96,62.5,3,0
1395,2019-05-07 20:15:00,30,66.5,41,62.7,38,58.7,109,62.4,3,0
1396,2019-05-07 20:20:00,33,67.7,44,63.8,41,59.7,118,63.5,3,0
1397,2019-05-07 20:25:00,32,67.6,43,63.7,40,59.7,115,63.4,3,0
1398,2019-05-07 20:30:00,32,66.7,43,62.8,40,58.9,115,62.5,3,0
1399,2019-05-07 20:35:00,26,64.8,38,60.9,36,57.1,100,60.6,3,0
1400,2019-05-07 20:40:00,31,66.0,42,62.1,39,58.2,112,61.9,3,0
1401,2019-05-07 20:45:00,26,67.0,38,63.2,36,59.2,100,62.7,3,0
1402,2019-05-07 20:50:00,30,64.8,42,60.7,39,56.9,111,60.5,3,0
1403,2019-05-07 20:55:00,29,66.0,41,62.0,39,58.1,109,61.6,3,0
1404,2019-05-07 21:00:00,26,67.4,38,63.4,36,59.4,100,63.0,3,0
1405,2019-05-07 21:05:00,33,68.4,44,64.4,41,60.3,118,64.1,3,0
1406,2019-05-07 21:10:00,33,69.1,44,65.1,41,61.0,118,64.8,3,0
1407,2019-05-07 21:15:00,27,68.5,39,64.6,37,60.5,103,64.2,3,0
1408,2019-05-07 21:20:00,24,67.3,36,63.4,34,59.4,94,62.9,3,0
1409,2019-05-07 21:25:00,26,68.2,38,64.3,36,60.2,100,63.8,3,0
1410,2019-05-07 21:30:00,28,68.5,40,64.6,38,60.5,106,64.1,3,0
1411,2019-05-07 21:35:00,23,68.9,36,64.9,34,60.8,93,64.4,3,0
1412,2019-05-07 21:40:00,21,68.9,34,65.0,32,60.9,87,64.4,3,0
1413,2019-05-07 21:45:00,27,69.2,39,65.2,37,61.1,103,64.8,3,0
1414,2019-05-07 21:50:00,21,69.1,33,65.2,32,61.0,86,64.6,3,0
1415,2019-05-07 21:55:00,21,68.8,34,64.9,33,60.8,88,64.3,3,0
1416,2019-05-07 22:00:00,19,68.5,32,64.5,31,60.4,82,63.9,3,0
1417,2019-05-07 22:05:00,22,67.0,34,63.1,33,59.1,89,62.6,3,0
1418,2019-05-07 22:10:00,14,67.5,27,63.6,27,59.6,68,62.8,3,0
1419,2019-05-07 22:15:00,19,67.5,32,63.6,31,59.5,82,62.9,3,0
1420,2019-05-07 22:20:00,21,67.7,33,63.8,32,59.8,86,63.3,3,0
1421,2019-05-07 22:25:00,23,68.5,35,64.6,34,60.5,92,64.1,3,0
1422,2019-05-07 22:30:00,21,68.3,33,64.4,32,60.3,86,63.8,3,0
1423,2019-05-07 22:35:00,20,66.7,33,62.9,31,58.9,84,62.3,3,0
1424,2019-05-07 22:40:00,17,67.7,30,63.8,29,59.8,76,63.2,3,0
1425,2019-05-07 22:45:00,15,67.3,27,63.4,27,59.4,69,62.7,3,0
1426,2019-05-07 22:50:00,16,65.4,29,61.6,29,57.7,74,60.9,3,0
1427,2019-05-07 22:55:00,18,66.7,31,62.8,30,58.9,79,62.2,3,0
1428,2019-05-07 23:00:00,11,67.7,24,63.8,25,59.7,60,62.8,3,0
1429,2019-05-07 23:05:00,19,68.0,32,64.1,31,60.0,82,63.4,3,0
1430,2019-05-07 23:10:00,17,67.5,30,63.6,29,59.6,76,62.9,3,0
1431,2019-05-07 23:15:00,13,68.2,26,64.3,26,60.2,65,63.4,3,0
1432,2019-05-07 23:20:00,14,68.5,27,64.5,27,60.4,68,63.7,3,0
1433,2019-05-07 23:25:00,13,68.6,26,64.7,26,60.6,65,63.9,3,0
1434,2019-05-07 23:30:00,17,68.8,30,64.9,29,60.8,76,64.2,3,0
1435,2019-05-07 23:35:00,14,68.7,27,64.8,27,60.7,68,64.0,3,0
1436,2019-05-07 23:40:00,14,68.2,27,64.3,27,60.2,68,63.5,3,0
1437,2019-05-07 23:45:00,14,68.5,27,64.5,27,60.4,68,63.7,3,0
1438,2019-05-07 23:50:00,14,68.6,27,64.7,27,60.6,68,63.9,3,0
1439,2019-05-07 23:55:00,16,68.6,28,64.6,28,60.5,72,63.9,3,0
1440,2019-05-08 00:00:00,13,68.4,27,64.5,27,60.4,67,63.6,3,0
1441,2019-05-08 00:05:00,15,68.4,28,64.5,28,60.4,71,63.7,3,0
1442,2019-05-08 00:10:00,12,68.0,26,64.1,26,60.0,64,63.2,3,0
1443,2019-05-08 00:15:00,12,68.4,25,64.5,25,60.4,62,63.6,3,0
1444,2019-05-08 00:20:00,13,67.6,27,63.7,27,59.7,67,62.8,3,0
1445,2019-05-08 00:25:00,14,67.9,27,64.0,27,59.9,68,63.2,3,0
1446,2019-05-08 00:30:00,13,68.2,26,64.3,26,60.2,65,63.5,3,0
1447,2019-05-08 00:35:00,12,68.4,25,64.5,25,60.4,62,63.6,3,0
1448,2019-05-08 00:40:00,10,67.6,23,63.7,24,59.6,57,62.6,3,0
1449,2019-05-08 00:45:00,11,67.9,24,63.9,25,59.9,60,63.0,3,0
1450,2019-05-08 00:50:00,14,68.1,27,64.2,27,60.1,68,63.4,3,0
1451,2019-05-08 00:55:00,10,67.6,23,63.7,24,59.6,57,62.7,3,0
1452,2019-05-08 01:00:00,10,67.7,24,63.8,24,59.7,58,62.8,3,0
1453,2019-05-08 01:05:00,8,68.0,22,64.1,23,60.0,53,62.9,3,0
1454,2019-05-08 01:10:00,10,68.1,23,64.2,24,60.1,57,63.2,3,0
1455,2019-05-08 01:15:00,10,68.2,23,64.3,24,60.2,57,63.3,3,0
1456,2019-05-08 01:20:00,11,68.3,24,64.4,25,60.3,60,63.4,3,0
1457,2019-05-08 01:25:00,10,68.1,23,64.2,24,60.1,57,63.2,3,0
1458,2019-05-08 01:30:00,10,68.2,23,64.3,24,60.2,57,63.2,3,0
1459,2019-05-08 01:35:00,7,68.2,21,64.3,22,60.2,50,63.0,3,0
1460,2019-05-08 01:40:00,12,68.0,25,64.1,25,60.0,62,63.2,3,0
1461,2019-05-08 01:45:00,12,66.0,25,62.1,25,58.2,62,61.3,3,0
1462,2019-05-08 01:50:00,10,67.0,24,63.1,24,59.1,58,62.1,3,0
1463,2019-05-08 01:55:00,8,67.7,22,63.8,23,59.7,53,62.6,3,0
1464,2019-05-08 02:00:00,9,67.5,22,63.6,23,59.6,54,62.6,3,0
1465,2019-05-08 02:05:00,13,68.1,26,64.2,26,60.1,65,63.3,3,0
1466,2019-05-08 02:10:00,9,68.2,23,64.3,23,60.2,55,63.2,3,0
1467,2019-05-08 02:15:00,11,67.5,24,63.6,25,59.6,60,62.6,3,0
1468,2019-05-08 02:20:00,8,67.7,22,63.8,23,59.8,53,62.7,3,0
1469,2019-05-08 02:25:00,9,67.8,22,63.9,23,59.9,54,62.8,3,0
1470,2019-05-08 02:30:00,9,68.4,23,64.5,23,60.4,55,63.4,3,0
1471,2019-05-08 02:35:00,9,68.5,22,64.6,23,60.5,54,63.5,3,0
1472,2019-05-08 02:40:00,9,68.5,23,64.6,23,60.5,55,63.5,3,0
1473,2019-05-08 02:45:00,8,68.4,22,64.5,23,60.4,53,63.3,3,0
1474,2019-05-08 02:50:00,9,68.3,23,64.4,23,60.3,55,63.4,3,0
1475,2019-05-08 02:55:00,9,68.1,22,64.2,23,60.1,54,63.1,3,0
1476,2019-05-08 03:00:00,8,68.2,21,64.3,22,60.2,51,63.1,3,0
1477,2019-05-08 03:05:00,12,67.7,25,63.8,25,59.8,62,62.9,3,0
1478,2019-05-08 03:10:00,8,68.2,22,64.3,23,60.2,53,63.1,3,0
1479,2019-05-08 03:15:00,11,67.8,25,63.9,25,59.9,61,63.0,3,0
1480,2019-05-08 03:20:00,9,68.1,23,64.2,24,60.1,56,63.0,3,0
1481,2019-05-08 03:25:00,10,68.5,23,64.6,24,60.5,57,63.6,3,0
1482,2019-05-08 03:30:00,10,68.2,23,64.3,24,60.2,57,63.3,3,0
1483,2019-05-08 03:35:00,10,67.2,23,63.3,24,59.3,57,62.3,3,0
1484,2019-05-08 03:40:00,10,67.8,24,63.9,24,59.8,58,62.9,3,0
1485,2019-05-08 03:45:00,10,67.7,23,63.8,24,59.8,57,62.8,3,0
1486,2019-05-08 03:50:00,12,68.2,26,64.3,26,60.2,64,63.4,3,0
1487,2019-05-08 03:55:00,10,68.5,23,64.5,24,60.4,57,63.5,3,0
1488,2019-05-08 04:00:00,11,68.3,25,64.4,25,60.3,61,63.4,3,0
1489,2019-05-08 04:05:00,12,68.4,25,64.5,25,60.4,62,63.6,3,0
1490,2019-05-08 04:10:00,16,66.3,29,62.4,29,58.5,74,61.7,3,0
1491,2019-05-08 04:15:00,13,67.6,26,63.8,26,59.7,65,62.9,3,0
1492,2019-05-08 04:20:00,11,67.4,24,63.6,25,59.5,60,62.6,3,0
1493,2019-05-08 04:25:00,9,68.1,23,64.2,23,60.1,55,63.1,3,0
1494,2019-05-08 04:30:00,13,68.0,26,64.1,26,60.0,65,63.2,3,0
1495,2019-05-08 04:35:00,12,68.5,26,64.5,26,60.4,64,63.6,3,0
1496,2019-05-08 04:40:00,18,68.9,31,65.0,30,60.8,79,64.3,3,0
1497,2019-05-08 04:45:00,16,69.3,29,65.4,29,61.2,74,64.6,3,0
1498,2019-05-08 04:50:00,19,69.6,31,65.6,30,61.4,80,65.0,3,0
1499,2019-05-08 04:55:00,16,69.3,29,65.4,29,61.2,74,64.6,3,0
1500,2019-05-08 05:00:00,17,68.3,30,64.4,29,60.3,76,63.7,3,0
1501,2019-05-08 05:05:00,17,68.3,31,64.4,30,60.3,78,63.7,3,0
1502,2019-05-08 05:10:00,21,67.5,34,63.6,33,59.6,88,63.0,3,0
1503,2019-05-08 05:15:00,21,68.3,34,64.4,33,60.3,88,63.8,3,0
1504,2019-05-08 05:20:00,22,67.9,34,64.0,33,59.9,89,63.4,3,0
1505,2019-05-08 05:25:00,21,68.4,34,64.5,33,60.4,88,63.9,3,0
1506,2019-05-08 05:30:00,21,67.9,33,64.0,32,60.0,86,63.5,3,0
1507,2019-05-08 05:35:00,23,67.2,35,63.4,34,59.3,92,62.8,3,0
1508,2019-05-08 05:40:00,29,67.7,40,63.8,38,59.8,107,63.5,3,0
1509,2019-05-08 05:45:00,29,66.0,40,62.2,38,58.3,107,61.8,3,0
1510,2019-05-08 05:50:00,28,68.7,40,64.8,38,60.6,106,64.3,3,0
1511,2019-05-08 05:55:00,29,66.0,40,62.2,38,58.3,107,61.8,3,0
1512,2019-05-08 06:00:00,32,67.6,42,63.7,40,59.6,114,63.3,3,0
1513,2019-05-08 06:05:00,28,68.5,40,64.6,37,60.5,105,64.2,3,0
1514,2019-05-08 06:10:00,30,69.3,41,65.4,39,61.2,110,65.0,3,0
1515,2019-05-08 06:15:00,35,67.4,46,63.5,43,59.4,124,63.2,3,0
1516,2019-05-08 06:20:00,32,67.5,43,63.6,40,59.6,115,63.3,3,0
1517,2019-05-08 06:25:00,36,68.2,48,64.3,44,60.3,128,64.0,3,0
1518,2019-05-08 06:30:00,35,68.7,46,64.8,43,60.7,124,64.5,3,0
1519,2019-05-08 06:35:00,44,68.2,54,64.3,49,60.2,147,64.1,3,0
1520,2019-05-08 06:40:00,40,68.6,51,64.6,46,60.5,137,64.4,3,0
1521,2019-05-08 06:45:00,44,66.3,55,62.3,50,58.3,149,62.1,3,0
1522,2019-05-08 06:50:00,41,64.3,51,60.5,47,56.7,139,60.3,3,0
1523,2019-05-08 06:55:00,39,67.1,50,63.2,46,59.2,135,63.0,3,0
1524,2019-05-08 07:00:00,44,67.1,54,63.2,49,59.2,147,63.1,3,0
1525,2019-05-08 07:05:00,46,67.4,56,63.5,51,59.5,153,63.3,3,0
1526,2019-05-08 07:10:00,50,67.5,60,63.6,54,59.6,164,63.5,3,0
1527,2019-05-08 07:15:00,48,67.5,58,63.5,53,59.5,159,63.4,3,0
1528,2019-05-08 07:20:00,52,66.8,62,62.9,56,58.9,170,62.8,3,0
1529,2019-05-08 07:25:00,54,66.1,64,62.2,57,58.3,175,62.1,3,0
1530,2019-05-08 07:30:00,60,64.8,69,61.0,61,57.1,190,60.9,3,0
1531,2019-05-08 07:35:00,61,67.0,71,63.2,63,59.2,195,63.1,3,0
1532,2019-05-08 07:40:00,48,67.3,57,63.5,52,59.5,157,63.3,3,0
1533,2019-05-08 07:45:00,62,67.7,71,63.9,63,59.8,196,63.8,3,0
1534,2019-05-08 07:50:00,46,66.9,56,63.0,51,59.0,153,62.8,3,0
1535,2019-05-08 07:55:00,46,65.0,57,61.2,51,57.3,154,61.1,3,0
1536,2019-05-08 08:00:00,56,66.4,66,62.5,59,58.5,181,62.4,3,0
1537,2019-05-08 08:05:00,51,67.2,61,63.4,55,59.3,167,63.2,3,0
1538,2019-05-08 08:10:00,51,66.6,62,62.8,55,58.8,168,62.6,3,0
1539,2019-05-08 08:15:00,50,64.7,60,60.8,54,56.9,164,60.7,3,0
1540,2019-05-08 08:20:00,57,63.9,65,60.0,59,56.2,181,60.0,3,0
1541,2019-05-08 08:25:00,54,63.9,63,60.1,56,56.3,173,60.0,3,0
1542,2019-05-08 08:30:00,52,66.3,62,62.4,55,58.4,169,62.3,3,0
1543,2019-05-08 08:35:00,50,66.5,60,62.7,54,58.7,164,62.5,3,0
1544,2019-05-08 08:40:00,60,65.6,68,61.6,61,57.7,189,61.6,3,0
1545,2019-05-08 08:45:00,55,67.3,65,63.3,58,59.3,178,63.2,3,0
1546,2019-05-08 08:50:00,49,67.3,59,63.4,53,59.3,161,63.2,3,0
1547,2019-05-08 08:55:00,46,67.0,56,63.0,51,59.0,153,62.9,3,0
1548,2019-05-08 09:00:00,45,67.9,55,64.0,50,59.9,150,63.8,3,0
1549,2019-05-08 09:05:00,51,66.3,60,62.5,54,58.5,165,62.4,3,0
1550,2019-05-08 09:10:00,43,65.7,54,61.9,49,58.0,146,61.7,3,0
1551,2019-05-08 09:15:00,43,64.9,54,61.0,49,57.2,146,60.9,3,0
1552,2019-05-08 09:20:00,55,65.7,65,61.8,58,57.9,178,61.7,3,0
1553,2019-05-08 09:25:00,41,64.4,51,60.6,47,56.8,139,60.4,3,0
1554,2019-05-08 09:30:00,50,64.9,61,61.1,54,57.2,165,61.0,3,0
1555,2019-05-08 09:35:00,44,64.7,55,60.9,50,57.1,149,60.7,3,0
1556,2019-05-08 09:40:00,51,65.4,61,61.6,55,57.7,167,61.5,3,0
1557,2019-05-08 09:45:00,50,64.5,60,60.7,54,56.9,164,60.6,3,0
1558,2019-05-08 09:50:00,49,63.6,60,59.9,54,56.1,163,59.7,3,0
1559,2019-05-08 09:55:00,53,62.8,63,58.9,56,55.3,172,58.9,3,0
1560,2019-05-08 10:00:00,47,61.6,58,57.8,52,54.1,157,57.7,3,0
1561,2019-05-08 10:05:00,44,64.2,55,60.4,50,56.6,149,60.2,3,0
1562,2019-05-08 10:10:00,40,63.2,52,59.4,47,55.6,139,59.2,3,0
1563,2019-05-08 10:15:00,47,63.8,57,60.0,51,56.2,155,59.9,3,0
1564,2019-05-08 10:20:00,46,63.8,56,60.0,51,56.2,153,59.9,3,0
1565,2019-05-08 10:25:00,51,62.8,61,58.9,55,55.2,167,58.8,3,0
1566,2019-05-08 10:30:00,44,64.8,55,60.9,50,57.0,149,60.7,3,0
1567,2019-05-08 10:35:00,45,65.3,56,61.4,51,57.5,152,61.3,3,0
1568,2019-05-08 10:40:00,54,65.1,64,61.2,57,57.3,175,61.1,3,0
1569,2019-05-08 10:45:00,58,65.3,68,61.4,60,57.6,186,61.4,3,0
1570,2019-05-08 10:50:00,43,65.2,54,61.4,49,57.5,146,61.2,3,0
1571,2019-05-08 10:55:00,50,64.5,60,60.6,54,56.8,164,60.5,3,0
1572,2019-05-08 11:00:00,53,65.3,63,61.5,56,57.6,172,61.4,3,0
1573,2019-05-08 11:05:00,45,65.1,56,61.4,51,57.5,152,61.2,3,0
1574,2019-05-08 11:10:00,57,64.0,67,60.2,60,56.4,184,60.1,3,0
1575,2019-05-08 11:15:00,50,62.7,61,59.0,54,55.3,165,58.9,3,0
1576,2019-05-08 11:20:00,47,64.4,58,60.6,53,56.8,158,60.4,3,0
1577,2019-05-08 11:25:00,49,65.5,59,61.7,54,57.8,162,61.6,3,0
1578,2019-05-08 11:30:00,52,64.3,62,60.5,55,56.7,169,60.4,3,0
1579,2019-05-08 11:35:00,48,63.8,58,60.0,52,56.2,158,59.9,3,0
1580,2019-05-08 11:40:00,51,65.4,62,61.6,55,57.8,168,61.5,3,0
1581,2019-05-08 11:45:00,41,64.4,52,60.6,47,56.8,140,60.4,3,0
1582,2019-05-08 11:50:00,50,64.4,60,60.6,54,56.8,164,60.5,3,0
1583,2019-05-08 11:55:00,55,63.9,65,60.1,58,56.3,178,60.0,3,0
1584,2019-05-08 12:00:00,44,64.6,54,60.9,49,57.0,147,60.7,3,0
1585,2019-05-08 12:05:00,49,64.3,59,60.5,53,56.7,161,60.4,3,0
1586,2019-05-08 12:10:00,52,65.4,62,61.6,56,57.7,170,61.5,3,0
1587,2019-05-08 12:15:00,41,66.3,52,62.5,48,58.5,141,62.2,3,0
1588,2019-05-08 12:20:00,42,64.6,53,60.8,48,57.0,143,60.6,3,0
1589,2019-05-08 12:25:00,50,63.8,60,60.0,54,56.2,164,59.9,3,0
1590,2019-05-08 12:30:00,45,63.3,56,59.5,50,55.8,151,59.4,3,0
1591,2019-05-08 12:35:00,55,63.2,66,59.3,59,55.6,180,59.3,3,0
1592,2019-05-08 12:40:00,48,62.4,59,58.5,53,54.9,160,58.5,3,0
1593,2019-05-08 12:45:00,51,64.2,61,60.4,55,56.6,167,60.3,3,0
1594,2019-05-08 12:50:00,46,65.2,57,61.4,51,57.5,154,61.3,3,0
1595,2019-05-08 12:55:00,47,64.1,58,60.3,52,56.5,157,60.2,3,0
1596,2019-05-08 13:00:00,50,63.3,61,59.5,55,55.8,166,59.4,3,0
1597,2019-05-08 13:05:00,48,63.1,58,59.2,52,55.5,158,59.2,3,0
1598,2019-05-08 13:10:00,55,64.5,65,60.7,58,56.9,178,60.7,3,0
1599,2019-05-08 13:15:00,56,64.9,66,61.0,59,57.2,181,61.0,3,0
1600,2019-05-08 13:20:00,48,65.8,58,62.0,53,58.1,159,61.8,3,0
1601,2019-05-08 13:25:00,47,64.9,57,61.1,52,57.3,156,61.0,3,0
1602,2019-05-08 13:30:00,58,65.9,67,62.1,60,58.2,185,62.0,3,0
1603,2019-05-08 13:35:00,47,66.2,58,62.4,52,58.4,157,62.2,3,0
1604,2019-05-08 13:40:00,55,63.5,65,59.6,58,55.9,178,59.6,3,0
1605,2019-05-08 13:45:00,51,64.8,61,60.9,55,57.1,167,60.8,3,0
1606,2019-05-08 13:50:00,54,64.7,64,60.9,57,57.0,175,60.8,3,0
1607,2019-05-08 13:55:00,55,67.5,65,63.7,58,59.7,178,63.6,3,0
1608,2019-05-08 14:00:00,51,64.6,61,60.8,55,57.0,167,60.7,3,0
1609,2019-05-08 14:05:00,52,64.4,61,60.6,55,56.8,168,60.5,3,0
1610,2019-05-08 14:10:00,57,64.2,67,60.3,60,56.5,184,60.2,3,0
1611,2019-05-08 14:15:00,61,64.3,70,60.4,62,56.6,193,60.4,3,0
1612,2019-05-08 14:20:00,57,64.6,67,60.7,59,56.9,183,60.7,3,0
1613,2019-05-08 14:25:00,64,64.0,74,60.2,65,56.4,203,60.2,3,0
1614,2019-05-08 14:30:00,52,65.5,62,61.7,56,57.8,170,61.6,3,0
1615,2019-05-08 14:35:00,58,63.7,68,59.9,60,56.1,186,59.9,3,0
1616,2019-05-08 14:40:00,59,64.3,69,60.4,61,56.6,189,60.4,3,0
1617,2019-05-08 14:45:00,53,64.5,63,60.6,56,56.8,172,60.6,3,0
1618,2019-05-08 14:50:00,56,65.7,66,61.9,59,58.0,181,61.8,3,0
1619,2019-05-08 14:55:00,53,67.3,63,63.4,56,59.4,172,63.3,3,0
1620,2019-05-08 15:00:00,57,67.1,67,63.3,59,59.3,183,63.2,3,0
1621,2019-05-08 15:05:00,58,67.4,67,63.5,60,59.5,185,63.4,3,0
1622,2019-05-08 15:10:00,51,65.3,61,61.4,55,57.6,167,61.3,3,0
1623,2019-05-08 15:15:00,51,64.1,62,60.3,55,56.5,168,60.2,3,0
1624,2019-05-08 15:20:00,47,66.2,58,62.3,52,58.4,157,62.2,3,0
1625,2019-05-08 15:25:00,51,65.3,61,61.5,55,57.6,167,61.4,3,0
1626,2019-05-08 15:30:00,52,66.6,62,62.8,56,58.8,170,62.6,3,0
1627,2019-05-08 15:35:00,51,67.6,62,63.8,56,59.7,169,63.6,3,0
1628,2019-05-08 15:40:00,57,66.8,67,62.9,60,59.0,184,62.8,3,0
1629,2019-05-08 15:45:00,53,65.6,63,61.8,57,57.9,173,61.7,3,0
1630,2019-05-08 15:50:00,53,66.1,63,62.3,57,58.4,173,62.2,3,0
1631,2019-05-08 15:55:00,45,65.5,55,61.7,50,57.8,150,61.5,3,0
1632,2019-05-08 16:00:00,48,65.6,58,61.7,52,57.9,158,61.6,3,0
1633,2019-05-08 16:05:00,53,67.0,62,63.2,56,59.2,171,63.1,3,0
1634,2019-05-08 16:10:00,52,68.5,61,64.6,55,60.5,168,64.5,3,0
1635,2019-05-08 16:15:00,51,68.7,61,64.8,55,60.7,167,64.6,3,0
1636,2019-05-08 16:20:00,50,66.8,59,63.0,54,59.0,163,62.8,3,0
1637,2019-05-08 16:25:00,43,67.7,53,63.8,48,59.8,144,63.6,3,0
1638,2019-05-08 16:30:00,44,68.6,54,64.6,49,60.5,147,64.4,3,0
1639,2019-05-08 16:35:00,47,67.8,58,63.9,52,59.9,157,63.7,3,0
1640,2019-05-08 16:40:00,46,65.3,56,61.5,51,57.6,153,61.4,3,0
1641,2019-05-08 16:45:00,51,67.1,62,63.2,55,59.2,168,63.1,3,0
1642,2019-05-08 16:50:00,43,68.1,54,64.2,49,60.2,146,64.0,3,0
1643,2019-05-08 16:55:00,48,68.3,58,64.4,53,60.3,159,64.2,3,0
1644,2019-05-08 17:00:00,41,67.1,53,63.2,48,59.2,142,62.9,3,0
1645,2019-05-08 17:05:00,55,66.5,64,62.6,58,58.6,177,62.5,3,0
1646,2019-05-08 17:10:00,48,66.4,58,62.5,53,58.5,159,62.3,3,0
1647,2019-05-08 17:15:00,53,66.3,64,62.4,57,58.4,174,62.3,3,0
1648,2019-05-08 17:20:00,48,67.1,58,63.2,52,59.2,158,63.1,3,0
1649,2019-05-08 17:25:00,43,67.7,54,63.8,49,59.7,146,63.6,3,0
1650,2019-05-08 17:30:00,49,66.5,60,62.6,54,58.6,163,62.4,3,0
1651,2019-05-08 17:35:00,38,68.4,49,64.5,45,60.4,132,64.2,3,0
1652,2019-05-08 17:40:00,46,68.2,57,64.3,52,60.2,155,64.1,3,0
1653,2019-05-08 17:45:00,43,68.9,54,65.0,49,60.9,146,64.8,3,0
1654,2019-05-08 17:50:00,42,68.2,53,64.3,48,60.3,143,64.1,3,0
1655,2019-05-08 17:55:00,42,67.3,52,63.3,48,59.3,142,63.1,3,0
1656,2019-05-08 18:00:00,46,68.4,56,64.5,51,60.4,153,64.3,3,0
1657,2019-05-08 18:05:00,40,67.5,51,63.6,46,59.5,137,63.3,3,0
1658,2019-05-08 18:10:00,53,66.9,63,63.0,57,59.0,173,62.9,3,0
1659,2019-05-08 18:15:00,37,66.7,48,62.8,44,58.9,129,62.6,3,0
1660,2019-05-08 18:20:00,38,66.8,49,62.9,45,58.9,132,62.7,3,0
1661,2019-05-08 18:25:00,31,67.4,43,63.5,40,59.5,114,63.2,3,0
1662,2019-05-08 18:30:00,42,67.5,52,63.6,47,59.5,141,63.4,3,0
1663,2019-05-08 18:35:00,46,67.9,56,64.0,51,60.0,153,63.8,3,0
1664,2019-05-08 18:40:00,46,68.3,56,64.4,51,60.4,153,64.3,3,0
1665,2019-05-08 18:45:00,41,67.9,52,64.0,47,60.0,140,63.8,3,0
1666,2019-05-08 18:50:00,45,69.3,56,65.4,51,61.3,152,65.2,3,0
1667,2019-05-08 18:55:00,36,68.1,47,64.2,43,60.2,126,64.0,3,0
1668,2019-05-08 19:00:00,38,68.2,48,64.3,45,60.2,131,64.0,3,0
1669,2019-05-08 19:05:00,39,68.0,50,64.1,46,60.0,135,63.8,3,0
1670,2019-05-08 19:10:00,45,67.8,55,63.9,50,59.8,150,63.7,3,0
1671,2019-05-08 19:15:00,37,66.8,48,63.0,44,59.0,129,62.7,3,0
1672,2019-05-08 19:20:00,39,66.6,51,62.7,46,58.8,136,62.5,3,0
1673,2019-05-08 19:25:00,32,68.0,43,64.1,40,60.1,115,63.8,3,0
1674,2019-05-08 19:30:00,45,68.8,56,64.9,51,60.7,152,64.6,3,0
1675,2019-05-08 19:35:00,41,68.4,52,64.4,47,60.3,140,64.2,3,0
1676,2019-05-08 19:40:00,37,67.9,49,63.9,45,59.8,131,63.6,3,0
1677,2019-05-08 19:45:00,38,68.2,49,64.2,45,60.2,132,64.0,3,0
1678,2019-05-08 19:50:00,34,67.2,46,63.3,42,59.3,122,63.0,3,0
1679,2019-05-08 19:55:00,30,68.4,42,64.5,39,60.4,111,64.1,3,0
1680,2019-05-08 20:00:00,32,68.0,45,64.0,41,60.0,118,63.7,3,0
1681,2019-05-08 20:05:00,27,68.0,39,64.1,37,60.0,103,63.7,3,0
1682,2019-05-08 20:10:00,32,69.0,43,65.0,40,60.9,115,64.7,3,0
1683,2019-05-08 20:15:00,35,69.3,46,65.4,43,61.2,124,65.1,3,0
1684,2019-05-08 20:20:00,30,69.4,42,65.5,39,61.3,111,65.1,3,0
1685,2019-05-08 20:25:00,35,67.3,46,63.4,43,59.4,124,63.1,3,0
1686,2019-05-08 20:30:00,29,67.4,41,63.5,38,59.5,108,63.1,3,0
1687,2019-05-08 20:35:00,31,68.5,42,64.6,39,60.5,112,64.2,3,0
1688,2019-05-08 20:40:00,30,68.5,41,64.6,39,60.5,110,64.2,3,0
1689,2019-05-08 20:45:00,25,68.7,37,64.7,35,60.6,97,64.3,3,0
1690,2019-05-08 20:50:00,27,67.9,39,63.9,37,59.9,103,63.5,3,0
1691,2019-05-08 20:55:00,24,68.1,36,64.2,34,60.1,94,63.7,3,0
1692,2019-05-08 21:00:00,27,68.0,40,64.0,37,60.0,104,63.6,3,0
1693,2019-05-08 21:05:00,26,68.4,38,64.4,36,60.3,100,64.0,3,0
1694,2019-05-08 21:10:00,25,68.5,37,64.6,36,60.5,98,64.1,3,0
1695,2019-05-08 21:15:00,25,68.0,36,64.1,35,60.0,96,63.6,3,0
1696,2019-05-08 21:20:00,28,67.9,40,63.9,37,59.9,105,63.6,3,0
1697,2019-05-08 21:25:00,22,67.9,35,64.0,33,59.9,90,63.4,3,0
1698,2019-05-08 21:30:00,28,67.1,40,63.2,37,59.2,105,62.8,3,0
1699,2019-05-08 21:35:00,22,66.5,34,62.7,33,58.7,89,62.1,3,0
1700,2019-05-08 21:40:00,21,66.5,33,62.6,32,58.6,86,62.1,3,0
1701,2019-05-08 21:45:00,22,66.4,34,62.5,33,58.6,89,62.0,3,0
1702,2019-05-08 21:50:00,20,67.5,32,63.6,31,59.6,83,63.0,3,0
1703,2019-05-08 21:55:00,21,67.5,33,63.6,32,59.5,86,63.0,3,0
1704,2019-05-08 22:00:00,15,68.0,28,64.0,28,60.0,71,63.3,3,0
1705,2019-05-08 22:05:00,20,67.2,32,63.3,31,59.3,83,62.8,3,0
1706,2019-05-08 22:10:00,27,68.0,38,64.1,36,60.0,101,63.7,3,0
1707,2019-05-08 22:15:00,20,68.4,32,64.5,31,60.4,83,63.9,3,0
1708,2019-05-08 22:20:00,28,68.5,40,64.6,37,60.5,105,64.2,3,0
1709,2019-05-08 22:25:00,19,68.5,31,64.6,30,60.5,80,64.0,3,0
1710,2019-05-08 22:30:00,18,68.3,31,64.4,30,60.3,79,63.7,3,0
1711,2019-05-08 22:35:00,20,68.1,33,64.2,32,60.1,85,63.6,3,0
1712,2019-05-08 22:40:00,21,68.5,33,64.5,32,60.4,86,64.0,3,0
1713,2019-05-08 22:45:00,19,67.6,31,63.7,30,59.6,80,63.1,3,0
1714,2019-05-08 22:50:00,15,68.0,28,64.1,28,60.1,71,63.3,3,0
1715,2019-05-08 22:55:00,14,68.0,27,64.1,27,60.0,68,63.2,3,0
1716,2019-05-08 23:00:00,17,67.7,30,63.8,29,59.8,76,63.1,3,0
1717,2019-05-08 23:05:00,14,67.0,27,63.1,27,59.1,68,62.3,3,0
1718,2019-05-08 23:10:00,12,67.7,25,63.8,26,59.8,63,62.9,3,0
1719,2019-05-08 23:15:00,14,67.6,27,63.7,27,59.6,68,62.9,3,0
1720,2019-05-08 23:20:00,17,68.4,29,64.5,29,60.4,75,63.8,3,0
1721,2019-05-08 23:25:00,15,68.1,28,64.2,28,60.1,71,63.4,3,0
1722,2019-05-08 23:30:00,20,68.3,33,64.4,31,60.3,84,63.8,3,0
1723,2019-05-08 23:35:00,14,68.2,27,64.3,27,60.2,68,63.4,3,0
1724,2019-05-08 23:40:00,17,68.2,30,64.3,29,60.2,76,63.6,3,0
1725,2019-05-08 23:45:00,16,68.5,29,64.5,29,60.4,74,63.8,3,0
1726,2019-05-08 23:50:00,16,68.8,29,64.9,28,60.7,73,64.1,3,0
1727,2019-05-08 23:55:00,15,68.5,28,64.6,27,60.5,70,63.9,3,0
1728,2019-05-09 00:00:00,18,68.4,30,64.5,30,60.4,78,63.8,3,0
1729,2019-05-09 00:05:00,12,68.4,25,64.5,25,60.4,62,63.6,3,0
1730,2019-05-09 00:10:00,13,68.5,26,64.6,26,60.5,65,63.7,3,0
1731,2019-05-09 00:15:00,16,68.5,29,64.5,28,60.4,73,63.8,3,0
1732,2019-05-09 00:20:00,14,68.6,27,64.7,27,60.6,68,63.9,3,0
1733,2019-05-09 00:25:00,10,68.3,23,64.4,24,60.3,57,63.4,3,0
1734,2019-05-09 00:30:00,9,68.2,23,64.3,24,60.2,56,63.1,3,0
1735,2019-05-09 00:35:00,13,68.4,26,64.5,26,60.4,65,63.6,3,0
1736,2019-05-09 00:40:00,9,68.1,23,64.2,23,60.1,55,63.2,3,0
1737,2019-05-09 00:45:00,10,68.0,23,64.1,24,60.0,57,63.1,3,0
1738,2019-05-09 00:50:00,11,68.3,24,64.4,25,60.3,60,63.4,3,0
1739,2019-05-09 00:55:00,12,68.6,25,64.6,25,60.5,62,63.7,3,0
1740,2019-05-09 01:00:00,12,68.8,25,64.9,25,60.7,62,63.9,3,0
1741,2019-05-09 01:05:00,10,68.3,23,64.4,24,60.3,57,63.4,3,0
1742,2019-05-09 01:10:00,9,68.2,22,64.3,23,60.2,54,63.2,3,0
1743,2019-05-09 01:15:00,11,68.2,24,64.3,25,60.2,60,63.3,3,0
1744,2019-05-09 01:20:00,9,68.4,23,64.5,24,60.4,56,63.3,3,0
1745,2019-05-09 01:25:00,10,68.5,23,64.5,24,60.4,57,63.5,3,0
1746,2019-05-09 01:30:00,9,68.1,23,64.2,23,60.1,55,63.2,3,0
1747,2019-05-09 01:35:00,10,67.9,24,64.0,24,59.9,58,63.0,3,0
1748,2019-05-09 01:40:00,10,67.7,23,63.8,24,59.8,57,62.8,3,0
1749,2019-05-09 01:45:00,11,67.3,24,63.4,25,59.4,60,62.4,3,0
1750,2019-05-09 01:50:00,8,67.9,22,64.0,23,59.9,53,62.8,3,0
1751,2019-05-09 01:55:00,10,68.1,23,64.2,24,60.1,57,63.2,3,0
1752,2019-05-09 02:00:00,10,68.1,23,64.2,24,60.1,57,63.2,3,0
1753,2019-05-09 02:05:00,9,68.3,23,64.4,23,60.3,55,63.3,3,0
1754,2019-05-09 02:10:00,9,68.1,23,64.2,23,60.1,55,63.1,3,0
1755,2019-05-09 02:15:00,8,67.9,21,64.0,22,59.9,51,62.8,3,0
1756,2019-05-09 02:20:00,7,68.1,21,64.2,22,60.1,50,63.0,3,0
1757,2019-05-09 02:25:00,10,67.9,23,64.0,24,59.9,57,63.0,3,0
1758,2019-05-09 02:30:00,10,68.2,23,64.3,24,60.2,57,63.3,3,0
1759,2019-05-09 02:35:00,9,68.3,22,64.4,23,60.3,54,63.3,3,0
1760,2019-05-09 02:40:00,9,68.5,23,64.6,23,60.5,55,63.5,3,0
1761,2019-05-09 02:45:00,9,68.1,22,64.2,23,60.1,54,63.1,3,0
1762,2019-05-09 02:50:00,10,68.0,24,64.1,24,60.0,58,63.1,3,0
1763,2019-05-09 02:55:00,10,68.2,24,64.3,24,60.2,58,63.2,3,0
1764,2019-05-09 03:00:00,8,68.2,22,64.3,22,60.2,52,63.2,3,0
1765,2019-05-09 03:05:00,10,67.7,23,63.8,24,59.8,57,62.8,3,0
1766,2019-05-09 03:10:00,9,67.6,22,63.7,23,59.7,54,62.7,3,0
1767,2019-05-09 03:15:00,10,67.8,23,63.9,24,59.8,57,62.9,3,0
1768,2019-05-09 03:20:00,11,68.1,24,64.2,25,60.1,60,63.2,3,0
1769,2019-05-09 03:25:00,9,68.2,23,64.3,23,60.2,55,63.2,3,0
1770,2019-05-09 03:30:00,12,68.4,26,64.5,26,60.4,64,63.6,3,0
1771,2019-05-09 03:35:00,10,68.5,23,64.6,24,60.5,57,63.5,3,0
1772,2019-05-09 03:40:00,12,68.5,25,64.6,25,60.5,62,63.7,3,0
1773,2019-05-09 03:45:00,11,67.9,25,64.0,25,59.9,61,63.0,3,0
1774,2019-05-09 03:50:00,9,68.3,23,64.4,24,60.3,56,63.3,3,0
1775,2019-05-09 03:55:00,12,68.0,25,64.1,25,60.1,62,63.2,3,0
1776,2019-05-09 04:00:00,10,67.9,24,64.0,24,59.9,58,62.9,3,0
1777,2019-05-09 04:05:00,10,68.3,23,64.4,24,60.3,57,63.3,3,0
1778,2019-05-09 04:10:00,11,68.4,24,64.5,25,60.4,60,63.5,3,0
1779,2019-05-09 04:15:00,12,68.1,25,64.2,25,60.2,62,63.3,3,0
1780,2019-05-09 04:20:00,16,68.5,29,64.6,28,60.5,73,63.9,3,0
1781,2019-05-09 04:25:00,14,68.4,27,64.5,27,60.4,68,63.6,3,0
1782,2019-05-09 04:30:00,15,67.8,28,63.9,28,59.8,71,63.1,3,0
1783,2019-05-09 04:35:00,15,68.4,28,64.5,28,60.4,71,63.7,3,0
1784,2019-05-09 04:40:00,15,67.8,28,63.9,28,59.9,71,63.1,3,0
1785,2019-05-09 04:45:00,17,67.2,30,63.4,29,59.4,76,62.7,3,0
1786,2019-05-09 04:50:00,18,68.2,31,64.3,30,60.2,79,63.6,3,0
1787,2019-05-09 04:55:00,18,68.6,31,64.7,30,60.6,79,64.0,3,0
1788,2019-05-09 05:00:00,15,68.0,28,64.0,28,60.0,71,63.3,3,0
1789,2019-05-09 05:05:00,19,68.4,32,64.5,31,60.4,82,63.9,3,0
1790,2019-05-09 05:10:00,22,68.6,35,64.7,33,60.6,90,64.1,3,0
1791,2019-05-09 05:15:00,18,68.7,30,64.7,30,60.6,78,64.1,3,0
1792,2019-05-09 05:20:00,20,67.0,33,63.2,32,59.2,85,62.6,3,0
1793,2019-05-09 05:25:00,17,67.6,30,63.7,29,59.6,76,63.0,3,0
1794,2019-05-09 05:30:00,24,67.4,36,63.5,34,59.4,94,63.0,3,0
1795,2019-05-09 05:35:00,23,67.6,35,63.7,34,59.7,92,63.2,3,0
1796,2019-05-09 05:40:00,25,68.8,37,64.9,35,60.8,97,64.4,3,0
1797,2019-05-09 05:45:00,33,69.2,45,65.3,41,61.2,119,65.0,3,0
1798,2019-05-09 05:50:00,26,69.9,38,66.0,36,61.8,100,65.5,3,0
1799,2019-05-09 05:55:00,25,69.0,37,65.1,35,60.9,97,64.6,3,0
1800,2019-05-09 06:00:00,27,69.4,39,65.4,37,61.3,103,65.0,3,0
1801,2019-05-09 06:05:00,26,67.8,38,63.9,36,59.8,100,63.4,3,0
1802,2019-05-09 06:10:00,31,69.1,43,65.2,40,61.0,114,64.8,3,0
1803,2019-05-09 06:15:00,33,68.8,45,64.8,42,60.7,120,64.5,3,0
1804,2019-05-09 06:20:00,37,69.6,48,65.7,44,61.5,129,65.4,3,0
1805,2019-05-09 06:25:00,37,69.5,48,65.6,44,61.4,129,65.3,3,0
1806,2019-05-09 06:30:00,36,69.7,47,65.8,43,61.6,126,65.5,3,0
1807,2019-05-09 06:35:00,36,69.2,47,65.3,43,61.1,126,65.0,3,0
1808,2019-05-09 06:40:00,42,69.2,52,65.3,48,61.1,142,65.1,3,0
1809,2019-05-09 06:45:00,39,69.6,49,65.7,45,61.5,133,65.4,3,0
1810,2019-05-09 06:50:00,39,67.2,49,63.3,45,59.3,133,63.1,3,0
1811,2019-05-09 06:55:00,43,67.2,53,63.3,48,59.3,144,63.2,3,0
1812,2019-05-09 07:00:00,38,64.1,49,60.2,45,56.5,132,60.1,3,0
1813,2019-05-09 07:05:00,47,65.5,57,61.7,51,57.8,155,61.6,3,0
1814,2019-05-09 07:10:00,40,65.7,51,61.9,47,58.0,138,61.7,3,0
1815,2019-05-09 07:15:00,52,65.6,61,61.8,55,57.9,168,61.7,3,0
1816,2019-05-09 07:20:00,48,65.8,59,61.9,53,58.0,160,61.8,3,0
1817,2019-05-09 07:25:00,56,66.5,66,62.7,59,58.7,181,62.6,3,0
1818,2019-05-09 07:30:00,54,67.7,63,63.9,56,59.8,173,63.8,3,0
1819,2019-05-09 07:35:00,55,66.3,65,62.6,58,58.6,178,62.4,3,0
1820,2019-05-09 07:40:00,56,65.8,66,62.0,59,58.0,181,61.9,3,0
1821,2019-05-09 07:45:00,47,65.9,57,62.0,52,58.1,156,61.9,3,0
1822,2019-05-09 07:50:00,64,64.9,74,61.1,65,57.2,203,61.0,3,0
1823,2019-05-09 07:55:00,53,64.3,63,60.5,57,56.7,173,60.4,3,0
1824,2019-05-09 08:00:00,46,63.3,56,59.4,51,55.6,153,59.3,3,0
1825,2019-05-09 08:05:00,52,65.2,61,61.3,55,57.5,168,61.3,3,0
1826,2019-05-09 08:10:00,53,65.1,63,61.2,57,57.3,173,61.1,3,0
1827,2019-05-09 08:15:00,48,65.7,58,61.8,52,57.9,158,61.7,3,0
1828,2019-05-09 08:20:00,57,65.9,66,62.0,59,58.1,182,62.0,3,0
1829,2019-05-09 08:25:00,54,65.3,64,61.3,57,57.5,175,61.3,3,0
1830,2019-05-09 08:30:00,48,66.5,58,62.6,52,58.6,158,62.5,3,0
1831,2019-05-09 08:35:00,52,66.7,62,62.8,55,58.8,169,62.7,3,0
1832,2019-05-09 08:40:00,51,66.6,61,62.7,55,58.7,167,62.6,3,0
1833,2019-05-09 08:45:00,47,66.8,57,62.9,51,58.9,155,62.7,3,0
1834,2019-05-09 08:50:00,57,65.2,67,61.3,60,57.5,184,61.2,3,0
1835,2019-05-09 08:55:00,55,65.4,65,61.5,58,57.7,178,61.5,3,0
1836,2019-05-09 09:00:00,49,65.6,58,61.7,53,57.8,160,61.6,3,0
1837,2019-05-09 09:05:00,46,66.7,57,62.7,51,58.8,154,62.6,3,0
1838,2019-05-09 09:10:00,39,66.2,50,62.3,46,58.4,135,62.1,3,0
1839,2019-05-09 09:15:00,52,63.7,62,59.9,55,56.1,169,59.8,3,0
1840,2019-05-09 09:20:00,41,64.2,52,60.4,47,56.6,140,60.2,3,0
1841,2019-05-09 09:25:00,50,63.7,60,59.9,54,56.2,164,59.8,3,0
1842,2019-05-09 09:30:00,46,63.9,56,60.0,51,56.3,153,59.9,3,0
1843,2019-05-09 09:35:00,50,65.9,60,62.0,54,58.1,164,61.9,3,0
1844,2019-05-09 09:40:00,55,65.1,66,61.2,59,57.4,180,61.1,3,0
1845,2019-05-09 09:45:00,50,62.5,61,58.6,55,55.0,166,58.6,3,0
1846,2019-05-09 09:50:00,41,62.2,52,58.4,47,54.7,140,58.3,3,0
1847,2019-05-09 09:55:00,49,60.9,60,57.1,54,53.5,163,57.1,3,0
1848,2019-05-09 10:00:00,45,61.9,56,58.1,51,54.5,152,58.0,3,0
1849,2019-05-09 10:05:00,56,62.9,65,59.1,58,55.4,179,59.1,3,0
1850,2019-05-09 10:10:00,51,62.1,62,58.4,56,54.8,169,58.3,3,0
1851,2019-05-09 10:15:00,51,63.0,61,59.2,55,55.5,167,59.2,3,0
1852,2019-05-09 10:20:00,40,64.9,51,61.1,47,57.3,138,60.9,3,0
1853,2019-05-09 10:25:00,35,65.1,47,61.3,43,57.4,125,61.0,3,0
1854,2019-05-09 10:30:00,50,64.8,59,60.9,54,57.1,163,60.8,3,0
1855,2019-05-09 10:35:00,48,64.5,58,60.6,52,56.8,158,60.6,3,0
1856,2019-05-09 10:40:00,53,62.5,63,58.5,57,54.9,173,58.5,3,0
1857,2019-05-09 10:45:00,51,63.0,60,59.2,54,55.5,165,59.1,3,0
1858,2019-05-09 10:50:00,51,62.8,62,58.9,55,55.2,168,58.8,3,0
1859,2019-05-09 10:55:00,52,64.5,62,60.6,56,56.8,170,60.5,3,0
1860,2019-05-09 11:00:00,44,63.9,55,60.1,50,56.3,149,60.0,3,0
1861,2019-05-09 11:05:00,50,63.5,61,59.8,55,56.0,166,59.7,3,0
1862,2019-05-09 11:10:00,46,63.3,57,59.6,51,55.8,154,59.5,3,0
1863,2019-05-09 11:15:00,49,63.0,60,59.2,54,55.5,163,59.1,3,0
1864,2019-05-09 11:20:00,50,62.6,60,58.8,54,55.2,164,58.8,3,0
1865,2019-05-09 11:25:00,52,62.8,62,59.0,56,55.3,170,58.9,3,0
1866,2019-05-09 11:30:00,50,62.8,61,59.0,55,55.3,166,58.9,3,0
1867,2019-05-09 11:35:00,55,63.9,65,60.1,58,56.3,178,60.0,3,0
1868,2019-05-09 11:40:00,52,64.4,62,60.6,55,56.8,169,60.5,3,0
1869,2019-05-09 11:45:00,47,63.9,58,60.1,52,56.3,157,60.0,3,0
1870,2019-05-09 11:50:00,53,64.9,63,61.1,56,57.2,172,61.0,3,0
1871,2019-05-09 11:55:00,55,65.5,66,61.7,58,57.8,179,61.6,3,0
1872,2019-05-09 12:00:00,51,65.3,61,61.4,55,57.6,167,61.3,3,0
1873,2019-05-09 12:05:00,51,63.1,60,59.3,54,55.6,165,59.3,3,0
1874,2019-05-09 12:10:00,47,63.6,58,59.8,53,56.1,158,59.7,3,0
1875,2019-05-09 12:15:00,55,64.3,65,60.5,58,56.7,178,60.5,3,0
1876,2019-05-09 12:20:00,50,63.4,61,59.7,55,55.9,166,59.6,3,0
1877,2019-05-09 12:25:00,55,64.9,65,61.1,58,57.3,178,61.1,3,0
1878,2019-05-09 12:30:00,51,63.7,61,59.8,55,56.1,167,59.8,3,0
1879,2019-05-09 12:35:00,49,63.3,59,59.5,53,55.7,161,59.4,3,0
1880,2019-05-09 12:40:00,55,64.2,65,60.3,58,56.5,178,60.3,3,0
1881,2019-05-09 12:45:00,52,64.0,62,60.2,55,56.4,169,60.1,3,0
1882,2019-05-09 12:50:00,56,63.4,65,59.5,58,55.8,179,59.5,3,0
1883,2019-05-09 12:55:00,54,63.4,64,59.5,57,55.8,175,59.5,3,0
1884,2019-05-09 13:00:00,48,62.6,58,58.8,53,55.1,159,58.8,3,0
1885,2019-05-09 13:05:00,47,62.8,57,59.0,51,55.3,155,58.9,3,0
1886,2019-05-09 13:10:00,53,64.6,63,60.8,56,57.0,172,60.8,3,0
1887,2019-05-09 13:15:00,46,64.4,57,60.7,52,56.9,155,60.5,3,0
1888,2019-05-09 13:20:00,53,63.8,63,60.0,56,56.2,172,60.0,3,0
1889,2019-05-09 13:25:00,44,65.0,55,61.2,50,57.4,149,61.0,3,0
1890,2019-05-09 13:30:00,49,64.4,59,60.6,53,56.8,161,60.5,3,0
1891,2019-05-09 13:35:00,37,65.9,48,62.1,44,58.2,129,61.8,3,0
1892,2019-05-09 13:40:00,45,64.8,56,61.0,50,57.2,151,60.9,3,0
1893,2019-05-09 13:45:00,38,64.2,49,60.4,45,56.6,132,60.2,3,0
1894,2019-05-09 13:50:00,44,63.2,55,59.4,50,55.7,149,59.3,3,0
1895,2019-05-09 13:55:00,40,63.8,51,60.0,47,56.2,138,59.8,3,0
1896,2019-05-09 14:00:00,40,63.4,51,59.6,47,55.8,138,59.4,3,0
1897,2019-05-09 14:05:00,38,63.2,49,59.4,45,55.6,132,59.2,3,0
1898,2019-05-09 14:10:00,46,62.6,56,58.7,51,55.0,153,58.6,3,0
1899,2019-05-09 14:15:00,45,61.9,56,57.9,51,54.3,152,57.9,3,0
1900,2019-05-09 14:20:00,40,63.7,51,59.8,47,56.0,138,59.6,3,0
1901,2019-05-09 14:25:00,40,63.2,51,59.4,47,55.7,138,59.2,3,0
1902,2019-05-09 14:30:00,48,63.4,58,59.6,53,55.9,159,59.5,3,0
1903,2019-05-09 14:35:00,44,63.4,55,59.6,50,55.8,149,59.4,3,0
1904,2019-05-09 14:40:00,53,64.0,63,60.2,56,56.4,172,60.1,3,0
1905,2019-05-09 14:45:00,45,64.4,56,60.6,51,56.8,152,60.5,3,0
1906,2019-05-09 14:50:00,37,61.2,49,57.4,45,53.8,131,57.2,3,0
1907,2019-05-09 14:55:00,54,62.6,64,58.8,57,55.1,175,58.8,3,0
1908,2019-05-09 15:00:00,39,64.0,50,60.2,46,56.4,135,60.0,3,0
1909,2019-05-09 15:05:00,45,65.6,56,61.8,51,57.9,152,61.6,3,0
1910,2019-05-09 15:10:00,54,65.3,64,61.5,57,57.6,175,61.4,3,0
1911,2019-05-09 15:15:00,45,60.7,56,56.9,51,53.3,152,56.8,3,0
1912,2019-05-09 15:20:00,48,43.8,61,39.7,54,37.4,163,40.1,3,0
1913,2019-05-09 15:25:00,59,35.6,71,31.4,63,29.6,193,32.1,3,0
1914,2019-05-09 15:30:00,37,30.6,50,26.4,46,24.9,133,27.0,3,0
1915,2019-05-09 15:35:00,48,29.3,60,25.1,54,23.7,162,25.9,3,0
1916,2019-05-09 15:40:00,41,37.3,52,33.3,48,31.4,141,33.8,3,0
1917,2019-05-09 15:45:00,41,38.4,53,34.4,48,32.4,142,34.9,3,0
1918,2019-05-09 15:50:00,37,51.4,48,47.5,44,44.6,129,47.6,3,0
1919,2019-05-09 15:55:00,34,59.2,45,55.3,42,51.8,121,55.2,3,0
1920,2019-05-09 16:00:00,34,62.9,45,59.0,42,55.3,121,58.8,3,0
1921,2019-05-09 16:05:00,38,62.9,49,59.1,45,55.4,132,58.9,3,0
1922,2019-05-09 16:10:00,30,65.7,41,61.9,39,57.9,110,61.5,3,0
1923,2019-05-09 16:15:00,35,65.2,47,61.3,43,57.5,125,61.1,3,0
1924,2019-05-09 16:20:00,33,66.0,44,62.1,41,58.2,118,61.9,3,0
1925,2019-05-09 16:25:00,29,65.8,40,62.0,38,58.1,107,61.6,3,0
1926,2019-05-09 16:30:00,48,65.1,59,61.2,53,57.4,160,61.1,3,0
1927,2019-05-09 16:35:00,35,65.4,47,61.6,43,57.7,125,61.3,3,0
1928,2019-05-09 16:40:00,39,66.8,50,62.9,46,58.9,135,62.7,3,0
1929,2019-05-09 16:45:00,44,65.2,55,61.3,50,57.4,149,61.1,3,0
1930,2019-05-09 16:50:00,49,63.8,59,60.0,53,56.2,161,59.9,3,0
1931,2019-05-09 16:55:00,34,66.6,46,62.8,42,58.8,122,62.5,3,0
1932,2019-05-09 17:00:00,33,67.9,44,64.0,41,60.0,118,63.7,3,0
1933,2019-05-09 17:05:00,30,67.2,42,63.3,39,59.3,111,63.0,3,0
1934,2019-05-09 17:10:00,41,67.1,52,63.1,47,59.1,140,62.9,3,0
1935,2019-05-09 17:15:00,39,69.0,49,65.0,45,60.9,133,64.8,3,0
1936,2019-05-09 17:20:00,39,68.5,50,64.6,45,60.5,134,64.3,3,0
1937,2019-05-09 17:25:00,31,68.0,43,64.1,40,60.0,114,63.7,3,0
1938,2019-05-09 17:30:00,29,68.8,41,64.9,38,60.7,108,64.5,3,0
1939,2019-05-09 17:35:00,41,68.9,52,65.0,47,60.8,140,64.7,3,0
1940,2019-05-09 17:40:00,33,69.1,45,65.1,41,61.0,119,64.8,3,0
1941,2019-05-09 17:45:00,35,69.9,47,66.0,43,61.8,125,65.6,3,0
1942,2019-05-09 17:50:00,44,69.9,55,66.0,50,61.7,149,65.7,3,0
1943,2019-05-09 17:55:00,45,69.7,55,65.7,50,61.5,150,65.5,3,0
1944,2019-05-09 18:00:00,35,69.0,47,65.1,44,60.9,126,64.7,3,0
1945,2019-05-09 18:05:00,48,68.9,58,65.0,53,60.9,159,64.8,3,0
1946,2019-05-09 18:10:00,46,69.4,57,65.5,51,61.3,154,65.3,3,0
1947,2019-05-09 18:15:00,35,69.3,46,65.4,43,61.2,124,65.1,3,0
1948,2019-05-09 18:20:00,34,67.8,46,63.9,43,59.8,123,63.5,3,0
1949,2019-05-09 18:25:00,43,66.1,55,62.2,49,58.3,147,62.1,3,0
1950,2019-05-09 18:30:00,42,67.8,52,63.9,48,59.9,142,63.7,3,0
1951,2019-05-09 18:35:00,34,68.2,46,64.3,42,60.2,122,63.9,3,0
1952,2019-05-09 18:40:00,29,68.0,41,64.1,39,60.0,109,63.6,3,0
1953,2019-05-09 18:45:00,31,68.5,43,64.5,40,60.4,114,64.2,3,0
1954,2019-05-09 18:50:00,42,69.2,52,65.3,48,61.1,142,65.0,3,0
1955,2019-05-09 18:55:00,37,67.4,48,63.5,45,59.5,130,63.2,3,0
1956,2019-05-09 19:00:00,44,68.2,54,64.3,49,60.2,147,64.1,3,0
1957,2019-05-09 19:05:00,39,68.1,50,64.2,46,60.1,135,64.0,3,0
1958,2019-05-09 19:10:00,42,66.9,53,63.0,48,59.0,143,62.8,3,0
1959,2019-05-09 19:15:00,35,66.6,46,62.7,42,58.8,123,62.5,3,0
1960,2019-05-09 19:20:00,41,68.1,51,64.1,47,60.1,139,63.9,3,0
1961,2019-05-09 19:25:00,44,67.7,54,63.8,49,59.7,147,63.6,3,0
1962,2019-05-09 19:30:00,46,68.2,56,64.3,51,60.2,153,64.1,3,0
1963,2019-05-09 19:35:00,38,68.1,49,64.2,45,60.1,132,63.9,3,0
1964,2019-05-09 19:40:00,43,68.1,53,64.2,49,60.1,145,63.9,3,0
1965,2019-05-09 19:45:00,41,66.9,52,63.1,47,59.1,140,62.9,3,0
1966,2019-05-09 19:50:00,40,66.7,51,62.7,46,58.7,137,62.5,3,0
1967,2019-05-09 19:55:00,39,67.5,49,63.6,45,59.6,133,63.4,3,0
1968,2019-05-09 20:00:00,38,67.2,49,63.3,45,59.3,132,63.1,3,0
1969,2019-05-09 20:05:00,38,67.6,49,63.7,45,59.7,132,63.5,3,0
1970,2019-05-09 20:10:00,30,66.6,41,62.7,38,58.7,109,62.4,3,0
1971,2019-05-09 20:15:00,37,66.6,48,62.7,44,58.7,129,62.5,3,0
1972,2019-05-09 20:20:00,32,68.2,43,64.3,40,60.2,115,64.0,3,0
1973,2019-05-09 20:25:00,37,66.4,48,62.5,44,58.5,129,62.2,3,0
1974,2019-05-09 20:30:00,29,67.0,40,63.1,38,59.1,107,62.7,3,0
1975,2019-05-09 20:35:00,30,67.6,42,63.7,39,59.7,111,63.4,3,0
1976,2019-05-09 20:40:00,31,67.9,42,64.0,40,59.9,113,63.6,3,0
1977,2019-05-09 20:45:00,30,67.2,42,63.3,39,59.3,111,62.9,3,0
1978,2019-05-09 20:50:00,24,68.0,37,64.1,35,60.0,96,63.6,3,0
1979,2019-05-09 20:55:00,32,67.4,44,63.5,41,59.4,117,63.1,3,0
1980,2019-05-09 21:00:00,27,68.1,38,64.2,36,60.1,101,63.8,3,0
1981,2019-05-09 21:05:00,30,68.7,41,64.8,38,60.7,109,64.4,3,0
1982,2019-05-09 21:10:00,31,68.0,43,64.1,40,60.0,114,63.7,3,0
1983,2019-05-09 21:15:00,30,68.0,42,64.1,39,60.0,111,63.7,3,0
1984,2019-05-09 21:20:00,26,67.8,38,63.9,36,59.9,100,63.5,3,0
1985,2019-05-09 21:25:00,20,67.6,33,63.7,32,59.7,85,63.1,3,0
1986,2019-05-09 21:30:00,25,68.4,38,64.5,36,60.4,99,64.0,3,0
1987,2019-05-09 21:35:00,26,67.9,38,63.9,36,59.9,100,63.5,3,0
1988,2019-05-09 21:40:00,21,68.3,34,64.4,33,60.3,88,63.8,3,0
1989,2019-05-09 21:45:00,28,67.7,40,63.8,37,59.8,105,63.4,3,0
1990,2019-05-09 21:50:00,26,67.7,38,63.8,36,59.8,100,63.4,3,0
1991,2019-05-09 21:55:00,24,68.3,36,64.4,34,60.3,94,63.9,3,0
1992,2019-05-09 22:00:00,21,67.5,34,63.6,33,59.6,88,63.0,3,0
1993,2019-05-09 22:05:00,22,68.0,34,64.1,33,60.0,89,63.6,3,0
1994,2019-05-09 22:10:00,19,68.6,32,64.7,31,60.6,82,64.1,3,0
1995,2019-05-09 22:15:00,20,68.3,32,64.4,31,60.3,83,63.8,3,0
1996,2019-05-09 22:20:00,22,68.1,35,64.2,33,60.1,90,63.7,3,0
1997,2019-05-09 22:25:00,22,68.8,34,64.9,33,60.8,89,64.4,3,0
1998,2019-05-09 22:30:00,21,68.7,33,64.7,32,60.6,86,64.2,3,0
1999,2019-05-09 22:35:00,21,68.1,33,64.2,32,60.1,86,63.7,3,0
2000,2019-05-09 22:40:00,17,68.6,30,64.6,29,60.5,76,64.0,3,0
2001,2019-05-09 22:45:00,17,66.7,30,62.8,29,58.8,76,62.2,3,0
2002,2019-05-09 22:50:00,18,67.2,31,63.3,30,59.3,79,62.7,3,0
2003,2019-05-09 22:55:00,19,67.9,31,64.0,31,59.9,81,63.3,3,0
2004,2019-05-09 23:00:00,18,67.6,30,63.7,30,59.6,78,63.0,3,0
2005,2019-05-09 23:05:00,16,67.2,29,63.3,28,59.3,73,62.6,3,0
2006,2019-05-09 23:10:00,16,67.6,29,63.7,29,59.7,74,63.0,3,0
2007,2019-05-09 23:15:00,17,67.5,30,63.6,29,59.6,76,62.9,3,0
2008,2019-05-09 23:20:00,16,67.7,29,63.8,28,59.8,73,63.1,3,0
2009,2019-05-09 23:25:00,14,67.8,27,63.9,27,59.8,68,63.1,3,0
2010,2019-05-09 23:30:00,20,68.0,32,64.1,31,60.0,83,63.5,3,0
2011,2019-05-09 23:35:00,16,68.4,29,64.5,29,60.4,74,63.7,3,0
2012,2019-05-09 23:40:00,16,68.5,29,64.6,28,60.5,73,63.9,3,0
2013,2019-05-09 23:45:00,15,68.3,28,64.4,27,60.3,70,63.7,3,0
2014,2019-05-09 23:50:00,16,68.6,29,64.7,28,60.6,73,64.0,3,0
2015,2019-05-09 23:55:00,14,68.4,27,64.5,27,60.4,68,63.6,3,0
